0.0030733289297444235	0.001712715865506906
0.0030733289297444235	0.001712715865506906
0.0030733289297444235	0.001712715865506906
0.0030733289297444235	0.001712715865506906
0.0030733289297444235	0.001712715865506906
0.0030733289297444235	0.001712715865506906
0.0030733289297444235	0.001712715865506906
0.0030733289297444235	0.001712715865506906
0.0030733289297444235	0.001712715865506906
0.003073328929744423	0.0017127158655069056
0.0030733289297444235	0.001712715865506906
0.003073328929744423	0.0017127158655069056
0.0030733289297444235	0.001712715865506906
0.0030733289297444235	0.001712715865506906
0.0030733289297444235	0.001712715865506906
0.0030733289297444235	0.001712715865506906
0.003073328929744423	0.0017127158655069056
0.0030733289297444235	0.001712715865506906
0.0030733289297444235	0.001712715865506906
0.0030733289297444235	0.001712715865506906
0.0030733289297444235	0.001712715865506906
0.0030733289297444235	0.001712715865506906
0.0030733289297444235	0.001712715865506906
0.0030733289297444235	0.001712715865506906
0.0030733289297444235	0.001712715865506906
0.0030733289297444244	0.0017127158655069069
0.0030733289297444235	0.001712715865506906
0.0030733289297444235	0.001712715865506906
0.0030733289297444235	0.001712715865506906
0.0030733289297444244	0.0017127158655069069
0.0030733289297444235	0.001712715865506906
0.0030733289297444227	0.0017127158655069051
0.0030733289297444235	0.001712715865506906
0.0030733289297444235	0.001712715865506906
0.0030733289297444235	0.001712715865506906
0.0030733289297444235	0.001712715865506906
0.003073328929744423	0.0017127158655069056
0.0030733289297444235	0.001712715865506906
0.0030733289297444235	0.001712715865506906
0.0030733289297444235	0.001712715865506906
0.0030733289297444235	0.001712715865506906
0.0030733289297444235	0.001712715865506906
0.003073328929744423	0.0017127158655069056
0.0030733289297444235	0.001712715865506906
0.003073328929744423	0.0017127158655069056
0.0030733289297444227	0.0017127158655069047
0.0030733289297444235	0.001712715865506906
0.003073328929744423	0.0017127158655069056
0.003073328929744423	0.0017127158655069056
0.0030733289297444235	0.001712715865506906
0.0030733289297444235	0.001712715865506906
0.0030733289297444244	0.0017127158655069069
0.003073328929744423	0.0017127158655069056
0.0030733289297444235	0.001712715865506906
0.0030733289297444235	0.001712715865506906
0.0030733289297444235	0.001712715865506906
0.0030733289297444235	0.001712715865506906
0.003073328929744423	0.0017127158655069056
0.0030733289297444235	0.001712715865506906
0.0030733289297444235	0.001712715865506906
0.0030733289297444235	0.001712715865506906
0.0030733289297444235	0.001712715865506906
0.0030733289297444235	0.001712715865506906
0.0030733289297444235	0.001712715865506906
0.0030733289297444235	0.001712715865506906
0.0030733289297444235	0.001712715865506906
0.0030733289297444235	0.001712715865506906
0.0030733289297444235	0.001712715865506906
0.0030733289297444235	0.001712715865506906
0.0030733289297444235	0.001712715865506906
0.003073328929744423	0.0017127158655069056
0.0030733289297444235	0.001712715865506906
0.0030733289297444235	0.001712715865506906
0.0030733289297444235	0.001712715865506906
0.0030733289297444235	0.001712715865506906
0.0030733289297444235	0.001712715865506906
0.0030733289297444235	0.001712715865506906
0.0030733289297444235	0.001712715865506906
0.0030733289297444235	0.001712715865506906
0.0030733289297444235	0.001712715865506906
0.0030733289297444235	0.001712715865506906
0.0030733289297444235	0.001712715865506906
0.0030733289297444235	0.001712715865506906
0.0030733289297444235	0.001712715865506906
0.0030733289297444235	0.001712715865506906
0.0030733289297444235	0.001712715865506906
0.0030733289297444235	0.001712715865506906
0.0030733289297444235	0.001712715865506906
0.0030733289297444235	0.001712715865506906
0.0030733289297444235	0.001712715865506906
0.0030733289297444235	0.001712715865506906
0.0030733289297444235	0.001712715865506906
0.0030733289297444235	0.001712715865506906
0.0030733289297444227	0.0017127158655069051
0.0030733289297444235	0.001712715865506906
0.0030733289297444235	0.001712715865506906
0.0030733289297444235	0.001712715865506906
0.0030733289297444235	0.001712715865506906
0.0030733289297444235	0.001712715865506906
0.0030733289297444227	0.0017127158655069051
0.0030733289297444235	0.001712715865506906
0.0030733289297444227	0.0017127158655069051
0.0030733289297444235	0.001712715865506906
0.0030733289297444235	0.001712715865506906
0.0030733289297444235	0.001712715865506906
0.0030733289297444227	0.0017127158655069051
0.0030733289297444235	0.001712715865506906
0.0030733289297444235	0.001712715865506906
0.0030733289297444235	0.001712715865506906
0.0030733289297444235	0.001712715865506906
0.0030733289297444235	0.001712715865506906
0.0030733289297444227	0.0017127158655069051
0.0030733289297444235	0.001712715865506906
0.0030733289297444244	0.0017127158655069069
0.0030733289297444235	0.001712715865506906
0.0030733289297444235	0.001712715865506906
0.0030733289297444244	0.0017127158655069069
0.0030733289297444235	0.001712715865506906
0.0030733289297444235	0.001712715865506906
0.0030733289297444235	0.001712715865506906
0.0030733289297444235	0.001712715865506906
0.0030733289297444235	0.001712715865506906
0.0030733289297444227	0.0017127158655069051
0.0030733289297444227	0.0017127158655069051
0.0030733289297444227	0.0017127158655069051
0.0030733289297444235	0.001712715865506906
0.0030733289297444227	0.0017127158655069051
0.003073328929744423	0.0017127158655069056
0.0030733289297444235	0.001712715865506906
0.0030733289297444235	0.001712715865506906
0.0030733289297444235	0.001712715865506906
0.0030733289297444235	0.001712715865506906
0.0030733289297444235	0.001712715865506906
0.0030733289297444235	0.001712715865506906
0.003073328929744423	0.0017127158655069056
0.0030733289297444235	0.001712715865506906
0.0030733289297444235	0.001712715865506906
0.0030733289297444235	0.001712715865506906
0.0030733289297444235	0.001712715865506906
0.0030733289297444235	0.001712715865506906
0.0030733289297444235	0.001712715865506906
0.0030733289297444235	0.001712715865506906
0.0030733289297444235	0.001712715865506906
0.0030733289297444235	0.001712715865506906
0.003073328929744423	0.0017127158655069056
0.0030733289297444235	0.001712715865506906
0.0030733289297444235	0.001712715865506906
0.0030733289297444235	0.001712715865506906
0.0030733289297444235	0.001712715865506906
0.0030733289297444235	0.001712715865506906
0.0030733289297444235	0.001712715865506906
0.0030733289297444235	0.001712715865506906
0.0030733289297444235	0.001712715865506906
0.003073328929744423	0.0017127158655069056
0.0030733289297444235	0.001712715865506906
0.0030733289297444235	0.001712715865506906
0.0030733289297444235	0.001712715865506906
0.0030733289297444235	0.001712715865506906
0.0030733289297444235	0.001712715865506906
0.0030733289297444244	0.0017127158655069069
0.0030733289297444235	0.001712715865506906
0.003073328929744423	0.0017127158655069056
0.0030733289297444235	0.001712715865506906
0.0030733289297444235	0.001712715865506906
0.0030733289297444235	0.001712715865506906
0.0030733289297444235	0.001712715865506906
0.003073328929744423	0.0017127158655069056
0.0030733289297444235	0.001712715865506906
0.003073328929744423	0.0017127158655069056
0.0030733289297444235	0.001712715865506906
0.0030733289297444235	0.001712715865506906
0.0030733289297444235	0.001712715865506906
0.0030733289297444235	0.001712715865506906
0.0030733289297444235	0.001712715865506906
0.0030733289297444244	0.0017127158655069069
0.0030733289297444235	0.001712715865506906
0.003073328929744423	0.0017127158655069056
0.0030733289297444235	0.001712715865506906
0.0030733289297444235	0.001712715865506906
0.0030733289297444235	0.001712715865506906
0.0030733289297444227	0.0017127158655069047
0.0030733289297444235	0.001712715865506906
0.0030733289297444235	0.001712715865506906
0.0030733289297444244	0.0017127158655069069
0.0030733289297444235	0.001712715865506906
0.0030733289297444235	0.001712715865506906
0.003073328929744423	0.0017127158655069056
0.003073328929744423	0.0017127158655069056
0.003073328929744423	0.0017127158655069056
0.0030733289297444235	0.001712715865506906
0.0030733289297444235	0.001712715865506906
0.0030733289297444235	0.001712715865506906
0.003073328929744423	0.0017127158655069056
0.0030733289297444235	0.001712715865506906
0.0030733289297444244	0.0017127158655069069
0.0030733289297444244	0.0017127158655069069
0.0030733289297444235	0.001712715865506906
0.0030733289297444235	0.001712715865506906
0.0030733289297444235	0.001712715865506906
0.003073328929744423	0.0017127158655069056
0.0030733289297444235	0.001712715865506906
0.0030733289297444244	0.0017127158655069069
0.0030733289297444235	0.001712715865506906
0.0030733289297444235	0.001712715865506906
0.0030733289297444244	0.0017127158655069069
0.0030733289297444235	0.001712715865506906
0.003073328929744423	0.0017127158655069056
0.0030733289297444235	0.001712715865506906
0.003073328929744423	0.0017127158655069056
0.0030733289297444235	0.001712715865506906
0.003073328929744423	0.0017127158655069056
0.0030733289297444235	0.001712715865506906
0.0030733289297444235	0.001712715865506906
0.0030733289297444244	0.0017127158655069069
0.0030733289297444235	0.001712715865506906
0.0030733289297444235	0.001712715865506906
0.0030733289297444235	0.001712715865506906
0.0030733289297444235	0.001712715865506906
0.0030733289297444235	0.001712715865506906
0.0030733289297444244	0.0017127158655069069
0.0030733289297444235	0.001712715865506906
0.0030733289297444235	0.001712715865506906
0.0030733289297444235	0.001712715865506906
0.0030733289297444235	0.001712715865506906
0.0030733289297444235	0.001712715865506906
0.0030733289297444244	0.0017127158655069069
0.003073328929744423	0.0017127158655069056
0.0030733289297444235	0.001712715865506906
0.003073328929744423	0.0017127158655069056
0.003073328929744423	0.0017127158655069056
0.003073328929744423	0.0017127158655069056
0.003073328929744423	0.0017127158655069056
0.0030733289297444235	0.001712715865506906
0.0030733289297444235	0.001712715865506906
0.003073328929744423	0.0017127158655069056
0.003073328929744423	0.0017127158655069056
0.0030733289297444235	0.001712715865506906
0.003073328929744423	0.0017127158655069056
0.0030733289297444235	0.001712715865506906
0.003073328929744423	0.0017127158655069056
0.0030733289297444235	0.001712715865506906
0.0030733289297444244	0.0017127158655069069
0.0030733289297444235	0.001712715865506906
0.003073328929744423	0.0017127158655069056
0.0030733289297444235	0.001712715865506906
0.0030733289297444235	0.001712715865506906
0.0030733289297444235	0.001712715865506906
0.0030733289297444235	0.001712715865506906
0.0030733289297444235	0.001712715865506906
0.003073328929744423	0.0017127158655069056
0.0030733289297444235	0.001712715865506906
0.003073328929744423	0.0017127158655069056
0.0030733289297444235	0.001712715865506906
0.0030733289297444235	0.001712715865506906
0.0030733289297444235	0.001712715865506906
0.0030733289297444235	0.001712715865506906
0.0030733289297444235	0.001712715865506906
0.0030733289297444235	0.001712715865506906
0.0030733289297444235	0.001712715865506906
0.003073328929744423	0.0017127158655069056
0.0030733289297444235	0.001712715865506906
0.003073328929744423	0.0017127158655069056
0.0030733289297444235	0.001712715865506906
0.003073328929744423	0.0017127158655069056
0.0030733289297444235	0.001712715865506906
0.0030733289297444235	0.001712715865506906
0.0030733289297444235	0.001712715865506906
0.003073328929744423	0.0017127158655069056
0.0030733289297444235	0.001712715865506906
0.0030733289297444235	0.001712715865506906
0.003073328929744423	0.0017127158655069056
0.0030733289297444235	0.001712715865506906
0.0030733289297444235	0.001712715865506906
0.0030733289297444235	0.001712715865506906
0.0030733289297444235	0.001712715865506906
0.0030733289297444235	0.001712715865506906
0.0030733289297444235	0.001712715865506906
0.0030733289297444227	0.0017127158655069051
0.0030733289297444235	0.001712715865506906
0.003073328929744423	0.0017127158655069056
0.003073328929744423	0.0017127158655069056
0.0030733289297444235	0.001712715865506906
0.0030733289297444235	0.001712715865506906
0.0030733289297444235	0.001712715865506906
0.0030733289297444235	0.001712715865506906
0.0030733289297444235	0.001712715865506906
0.0030733289297444235	0.001712715865506906
0.0030733289297444235	0.001712715865506906
0.0030733289297444235	0.001712715865506906
0.0030733289297444235	0.001712715865506906
0.0030733289297444235	0.001712715865506906
0.0030733289297444235	0.001712715865506906
0.0030733289297444235	0.001712715865506906
0.0030733289297444235	0.001712715865506906
0.0030733289297444235	0.001712715865506906
0.0030733289297444235	0.001712715865506906
0.0030733289297444235	0.001712715865506906
0.0030733289297444235	0.001712715865506906
0.0030733289297444235	0.001712715865506906
0.0030733289297444235	0.001712715865506906
0.0030733289297444235	0.001712715865506906
0.0030733289297444235	0.001712715865506906
0.0030733289297444235	0.001712715865506906
0.0030733289297444235	0.001712715865506906
0.0030733289297444235	0.001712715865506906
0.0030733289297444235	0.001712715865506906
0.0030733289297444227	0.0017127158655069051
0.0030733289297444235	0.001712715865506906
0.0030733289297444235	0.001712715865506906
0.0030733289297444235	0.001712715865506906
0.0030733289297444235	0.001712715865506906
0.0030733289297444235	0.001712715865506906
0.0030733289297444235	0.001712715865506906
0.0030733289297444235	0.001712715865506906
0.0030733289297444235	0.001712715865506906
0.0030733289297444235	0.001712715865506906
0.0030733289297444235	0.001712715865506906
0.0030733289297444235	0.001712715865506906
0.0030733289297444235	0.001712715865506906
0.0030733289297444235	0.001712715865506906
0.0030733289297444235	0.001712715865506906
0.0030733289297444244	0.0017127158655069069
0.0030733289297444235	0.001712715865506906
0.0030733289297444235	0.001712715865506906
0.0030733289297444235	0.001712715865506906
0.0030733289297444235	0.001712715865506906
0.0030733289297444235	0.001712715865506906
0.0030733289297444235	0.001712715865506906
0.0030733289297444235	0.001712715865506906
0.0030733289297444235	0.001712715865506906
0.0030733289297444244	0.0017127158655069069
0.0030733289297444235	0.001712715865506906
0.0030733289297444235	0.001712715865506906
0.0030733289297444235	0.001712715865506906
0.0030733289297444235	0.001712715865506906
0.0030733289297444235	0.001712715865506906
0.0030733289297444235	0.001712715865506906
0.0030733289297444235	0.001712715865506906
0.0030733289297444235	0.001712715865506906
0.0030733289297444235	0.001712715865506906
0.0030733289297444235	0.001712715865506906
0.0030733289297444235	0.001712715865506906
0.0030733289297444235	0.001712715865506906
0.0030733289297444227	0.0017127158655069051
0.0030733289297444235	0.001712715865506906
0.0030733289297444227	0.0017127158655069051
0.0030733289297444235	0.001712715865506906
0.0030733289297444235	0.001712715865506906
0.0030733289297444235	0.001712715865506906
0.0030733289297444235	0.001712715865506906
0.0030733289297444235	0.001712715865506906
0.0030733289297444235	0.001712715865506906
0.0030733289297444235	0.001712715865506906
0.0030733289297444235	0.001712715865506906
0.0030733289297444235	0.001712715865506906
0.0030733289297444235	0.001712715865506906
0.0030733289297444235	0.001712715865506906
0.0030733289297444235	0.001712715865506906
0.0030733289297444235	0.001712715865506906
0.0030733289297444235	0.001712715865506906
0.0030733289297444235	0.001712715865506906
0.0030733289297444235	0.001712715865506906
0.0030733289297444235	0.001712715865506906
0.0030733289297444235	0.001712715865506906
0.0030733289297444235	0.001712715865506906
0.0030733289297444227	0.0017127158655069051
0.0030733289297444235	0.001712715865506906
0.0030733289297444227	0.0017127158655069051
0.0030733289297444235	0.001712715865506906
0.0030733289297444235	0.001712715865506906
0.0030733289297444235	0.001712715865506906
0.0030733289297444235	0.001712715865506906
0.0030733289297444235	0.001712715865506906
0.0030733289297444235	0.001712715865506906
0.0030733289297444235	0.001712715865506906
0.0030733289297444235	0.001712715865506906
0.0030733289297444235	0.001712715865506906
0.0030733289297444235	0.001712715865506906
0.0030733289297444235	0.001712715865506906
0.0030733289297444235	0.001712715865506906
0.0030733289297444235	0.001712715865506906
0.0030733289297444235	0.001712715865506906
0.0030733289297444235	0.001712715865506906
0.0030733289297444235	0.001712715865506906
0.0030733289297444235	0.001712715865506906
0.0030733289297444235	0.001712715865506906
0.0030733289297444235	0.001712715865506906
0.0030733289297444235	0.001712715865506906
0.0030733289297444235	0.001712715865506906
0.0030733289297444235	0.001712715865506906
0.0030733289297444235	0.001712715865506906
0.0030733289297444235	0.001712715865506906
0.0030733289297444235	0.001712715865506906
0.0030733289297444235	0.001712715865506906
0.0030733289297444235	0.001712715865506906
0.0030733289297444235	0.001712715865506906
0.0030733289297444235	0.001712715865506906
0.0030733289297444235	0.001712715865506906
0.0030733289297444235	0.001712715865506906
0.0030733289297444235	0.001712715865506906
0.0030733289297444235	0.001712715865506906
0.0030733289297444235	0.001712715865506906
0.0030733289297444235	0.001712715865506906
0.0030733289297444235	0.001712715865506906
0.0030733289297444235	0.001712715865506906
0.0030733289297444235	0.001712715865506906
0.0030733289297444235	0.001712715865506906
0.0030733289297444235	0.001712715865506906
0.0030733289297444235	0.001712715865506906
0.0030733289297444235	0.001712715865506906
0.0030733289297444235	0.001712715865506906
0.0030733289297444235	0.001712715865506906
0.0030733289297444235	0.001712715865506906
0.0030733289297444235	0.001712715865506906
0.0030733289297444235	0.001712715865506906
0.0030733289297444235	0.001712715865506906
0.0030733289297444235	0.001712715865506906
0.0030733289297444235	0.001712715865506906
0.0030733289297444235	0.001712715865506906
0.0030733289297444235	0.001712715865506906
0.0030733289297444235	0.001712715865506906
0.0030733289297444235	0.001712715865506906
0.0030733289297444235	0.001712715865506906
0.0030733289297444235	0.001712715865506906
0.0030733289297444235	0.001712715865506906
0.0030733289297444235	0.001712715865506906
0.0030733289297444235	0.001712715865506906
0.0030733289297444235	0.001712715865506906
0.0030733289297444235	0.001712715865506906
0.0030733289297444235	0.001712715865506906
0.0030733289297444235	0.001712715865506906
0.0030733289297444235	0.001712715865506906
0.0030733289297444235	0.001712715865506906
0.0030733289297444235	0.001712715865506906
0.0030733289297444235	0.001712715865506906
0.0030733289297444235	0.001712715865506906
0.0030733289297444235	0.001712715865506906
0.0030733289297444235	0.001712715865506906
0.0030733289297444235	0.001712715865506906
0.0030733289297444235	0.001712715865506906
0.0030733289297444235	0.001712715865506906
0.0030733289297444244	0.0017127158655069069
0.0030733289297444235	0.001712715865506906
0.0030731368049328805	0.0017113643912662925
0.0030727468891433604	0.0017086275032501875
0.0030723587257843552	0.001705910791946579
0.003071972303068215	0.001703214068778262
0.003071587609312775	0.0017005371473274695
0.003071204632940171	0.0016978798433065338
0.003070823362475685	0.0016952419745289754
0.0030704437865465978	0.0016926233608810899
0.0030700658938810537	0.001690023824293921
0.0030696896733069497	0.0016874431887157202
0.003069315113750833	0.001684881280084831
0.003068942204236814	0.0016823379263029643
0.0030685709338854937	0.0016798129572089236
0.0030682012919129075	0.0016773062045527273
0.003067833267629479	0.0016748175019701144
0.003067466850438991	0.001672346684957472
0.0030671020298375685	0.00166989359084713
0.003066738795412675	0.0016674580587830443
0.0030663771368421183	0.0016650399296968383
0.003066017043893079	0.0016626390462842425
0.0030656585064211426	0.0016602552529818631
0.0030653015143693426	0.001657888395944306
0.003064946057767228	0.0016555383230216875
0.0030645921267299296	0.0016532048837374304
0.003064239711457245	0.0016508879292664459
0.0030638888022327337	0.0016485873124135952
0.0030635393894228266	0.0016463028875925456
0.0030631914634759397	0.0016440345108048634
0.003062845014921609	0.001641782039619488
0.003062500034369627	0.0016395453331524822
0.0030621565125091964	0.0016373242520470739
0.0030618144401080936	0.0016351186584540405
0.003061473808011837	0.001632928416012331
0.0030611346071428747	0.0016307533898300179
0.003060796828499779	0.0016285934464655197
0.003060460463156445	0.001626448453909081
0.0030601255022613084	0.001624318281564559
0.003059791937036569	0.0016222028002314585
0.0030594597587774203	0.0016201018820872306
0.0030591289588512973	0.0016180154006698497
0.003058799528697126	0.0016159432308606215
0.003058471459824582	0.0016138852488672484
0.0030581447438133686	0.0016118413322071693
0.0030578193723124897	0.0016098113596910992
0.0030574953370395403	0.0016077952114068397
0.0030571726297800037	0.0016057927687033085
0.0030568512423865615	0.0016038039141748157
0.0030565311667783974	0.0016018285316455345
0.003056212394940531	0.0015998665061542456
0.003055894918923144	0.0015979177239392613
0.0030555787308409184	0.0015959820724235731
0.0030552638228723873	0.0015940594402002299
0.0030549501872592835	0.0015921497170179033
0.0030546378163059094	0.0015902527937666732
0.003054326702378507	0.0015883685624640221
0.0030540168379046264	0.001586496916240992
0.0030537082153725245	0.0015846377493285906
0.0030534008273305517	0.0015827909570443536
0.003053094666386551	0.0015809564357791035
0.0030527897252072673	0.001579134082983902
0.003052485996517762	0.0015773237971571858
0.0030521834731008337	0.00157552547783207
0.0030518821477964492	0.0015737390255638579
0.0030515820135011717	0.0015719643419176861
0.0030512830631676115	0.0015702013294563782
0.003050985289803868	0.001568449891728451
0.003050688686472989	0.001566709933256287
0.0030503932462924268	0.0015649813595244744
0.0030500989624335094	0.0015632640769683024
0.0030498058281209174	0.0015615579929624498
0.0030495138366321553	0.0015598630158097583
0.0030492229812970465	0.00155817905473024
0.0030489332554972195	0.0015565060198501842
0.0030486446526656096	0.0015548438221914358
0.0030483571662859583	0.0015531923736607997
0.003048070789892329	0.0015515515870396352
0.0030477855170686174	0.0015499213759735324
0.0030475013414480753	0.0015483016549621804
0.003047218256712831	0.00154669233934933
0.0030469362565934315	0.0015450933453129455
0.00304665533486837	0.00154350458985543
0.0030463754853636334	0.0015419259907940297
0.0030460967019522466	0.0015403574667513427
0.003045818978553832	0.0015387989371459722
0.0030455423091341593	0.0015372503221832842
0.0030452666877047127	0.0015357115428463123
0.003044992108322258	0.001534182520886766
0.0030447185650884162	0.001532663178816172
0.0030444460521492404	0.0015311534398971286
0.003044174563694798	0.0015296532281346726
0.0030439040939587597	0.0015281624682677776
0.003043634637217987	0.0015266810857609266
0.003043366187792133	0.001525209006795855
0.003043098740043241	0.001523746158263346
0.003042832288375351	0.001522292467755176
0.0030425668272341063	0.001520847863556128
0.0030423023511063738	0.0015194122746361545
0.0030420388545198554	0.0015179856306426008
0.003041776332042713	0.0015165678618925627
0.0030415147782831995	0.0015151588993653228
0.0030412541878892816	0.0015137586746948883
0.0030409945555482836	0.0015123671201626534
0.0030407358759865183	0.001510984168690108
0.003040478143968936	0.0015096097538316831
0.0030402213542987657	0.0015082438097676675
0.0030399655018171733	0.001506886271297235
0.0030397105814029086	0.001505537073831534
0.0030394565879719696	0.0015041961533868895
0.003039203516477259	0.0015028634465780802
0.003038951361908253	0.0015015388906117156
0.0030387001192906725	0.0015002224232796761
0.003038449783686151	0.00149891398295266
0.003038200350191917	0.0014976135085738047
0.003037951813940468	0.001496320939652372
0.003037704170099257	0.0014950362162575448
0.00303745741387038	0.0014937592790122847
0.0030372115404902664	0.0014924900690872656
0.003036966545229366	0.0014912285281948867
0.003036722423391856	0.0014899745985833732
0.0030364791703153325	0.0014887282230309266
0.0030362367813705207	0.0014874893448399865
0.0030359952519609743	0.001486257907831516
0.003035754577522788	0.0014850338563393971
0.003035514753524314	0.0014838171352048873
0.0030352757754658695	0.0014826076897711323
0.003035037638879461	0.001481405465877766
0.0030348003393285065	0.0014802104098555666
0.0030345638724075547	0.0014790224685211754
0.0030343282337420177	0.0014778415891718957
0.0030340934189878994	0.0014766677195805432
0.0030338594238315257	0.0014755008079903648
0.0030336262439892873	0.0014743408031100298
0.0030333938752073685	0.001473187654108653
0.0030331623132614977	0.00147204131061092
0.0030329315539566882	0.0014709017226922458
0.003032701593126981	0.001469768840873992
0.0030324724266352016	0.0014686426161187624
0.003032244050372703	0.0014675229998257272
0.0030320164602591288	0.0014664099438260391
0.003031789652242165	0.0014653034003782755
0.0030315636222972998	0.00146420332216395
0.00303133836642759	0.001463109662283077
0.0030311138806634165	0.001462022374249789
0.0030308901610622604	0.0014609414119880026
0.003030667203708469	0.0014598667298271575
0.0030304450047130217	0.0014587982824979659
0.0030302235602133157	0.0014577360251282635
0.0030300028663729304	0.0014566799132388686
0.0030297829193814134	0.001455629902739516
0.003029563715454056	0.0014545859499248235
0.003029345250831682	0.0014535480114703234
0.0030291275217804274	0.0014525160444285312
0.0030289105245915287	0.0014514900062250536
0.0030286942555811176	0.0014504698546547645
0.0030284787110900035	0.0014494555478780022
0.003028263887483475	0.0014484470444168325
0.003028049781151092	0.0014474443031513456
0.003027836388506485	0.0014464472833159942
0.0030276237059871486	0.0014454559444959743
0.0030274117300542573	0.0014444702466236757
0.0030272004571924535	0.0014434901499751234
0.0030269898839096606	0.0014425156151665064
0.003026591378299283	0.0014406763350686294
0.003025890552036452	0.0014374482485970004
0.003025192034921109	0.0014342384067183168
0.0030244958155594345	0.0014310466819302536
0.0030238018826324454	0.0014278729478136908
0.0030231102248953817	0.0014247170790218572
0.003022420831177097	0.0014215789512695362
0.0030217336903794584	0.0014184584413224409
0.0030210487914767575	0.001415355426986713
0.0030203661235151075	0.0014122697870984976
0.0030196856756118684	0.0014092014015136952
0.0030190074369550687	0.0014061501510978028
0.003018331396802829	0.001403115917715869
0.003017657544482797	0.001400098584222572
0.0030169858693915863	0.001397098034452425
0.0030163163609942182	0.00139411415321006
0.0030156490088235725	0.0013911468262606586
0.003014983802479843	0.0013881959403204708
0.0030143207316299927	0.0013852613830474417
0.003013659786007225	0.001382343043031962
0.0030130009554104505	0.0013794408097877091
0.0030123442297037614	0.0013765545737425928
0.0030116895988159136	0.0013736842262298105
0.0030110370527398115	0.0013708296594789953
0.0030103865815319947	0.0013679907666074686
0.00300973817531214	0.0013651674416116054
0.003009091824262554	0.00136235957935826
0.003008447518627681	0.0013595670755763305
0.003007805248713614	0.0013567898268483877
0.003007165004887604	0.0013540277306024176
0.0030065267775775807	0.0013512806851036377
0.0030058905572716782	0.001348548589446426
0.003005256334517756	0.0013458313435463214
0.003004624099922937	0.0013431288481321178
0.0030039938441531414	0.001340441004738065
0.0030033655579326263	0.0013377677156961169
0.003002739232043532	0.0013351088841283148
0.003002114857325431	0.0013324644139392084
0.0030014924246748844	0.0013298342098083983
0.0030008719250449894	0.0013272181771831282
0.003000253349444956	0.0013246162222709929
0.002999636688939659	0.0013220282520326947
0.0029990219346492167	0.0013194541741748957
0.0029984090777485594	0.0013168938971431599
0.0029977981094670113	0.0013143473301149343
0.0029971890210878658	0.001311814382992655
0.0029965818039479827	0.001309294966396899
0.0029959764494373615	0.0013067889916596048
0.0029953729489987486	0.0013042963708173971
0.002994771294127226	0.0013018170166049525
0.002994171476369815	0.0012993508424484581
0.0029935734873250803	0.0012968977624591353
0.0029929773186427337	0.0012944576914268237
0.002992382962023251	0.0012920305448136475
0.002991790409217485	0.0012896162387477563
0.0029911996520262814	0.0012872146900171032
0.0029906106823001048	0.0012848258160633244
0.0029900234919386596	0.001282449534975664
0.0029894380728905205	0.0012800857654849704
0.0029888544171527685	0.001277734426957764
0.0029882725167706195	0.001275395439390344
0.0029876923638370648	0.001273068723402993
0.0029871139504925163	0.001270754200234212
0.0029865372689244487	0.00126845179173504
0.002985962311367048	0.0012661614203634194
0.0029853890701008624	0.0012638830091786283
0.002984817537452461	0.001261616481835768
0.0029842477057940844	0.0012593617625803132
0.0029836795675433113	0.0012571187762427144
0.0029831131151627174	0.0012548874482330614
0.002982548341159548	0.0012526677045358024
0.0029819852380853803	0.0012504594717045205
0.0029814237985358065	0.0012482626768567657
0.002980864015150094	0.0012460772476689235
0.00298030588061088	0.001243903112371169
0.0029797493876438396	0.0012417401997424497
0.0029791945290173773	0.0012395884391055271
0.0029786412975423126	0.00123744776032208
0.0029780896860715678	0.0012353180937878347
0.0029775396874998595	0.0012331993704277758
0.0029769912947633973	0.0012310915216913834
0.002976444500839578	0.0012289944795479315
0.002975899298746687	0.0012269081764818362
0.0029753556815436005	0.0012248325454880405
0.002974813642329493	0.00122276752006746
0.0029742731742435414	0.0012207130342224638
0.002973734270464641	0.0012186690224524203
0.002973196924211113	0.0012166354197492618
0.002972661128740423	0.0012146121615931203
0.0029721268773489	0.001212599183947997
0.002971594163371453	0.0012105964232574666
0.0029710629801812977	0.0012086038164404473
0.0029705333211896786	0.001206621300886996
0.0029700051798456015	0.0012046488144541617
0.0029694785496355556	0.0012026862954618543
0.0029689534240832515	0.0012007336826887868
0.002968429796749357	0.0011987909153684518
0.0029679076612312287	0.0011968579331851162
0.002967387011162654	0.00119493467626988
0.002966867840213593	0.00119302108519677
0.002966350142089919	0.0011911171009788663
0.002965833910533167	0.0011892226650644753
0.002965319139320281	0.0011873377193333408
0.002964805822263365	0.0011854622060928856
0.0029642939532094296	0.0011835960680744925
0.002963783526040154	0.0011817392484298396
0.0029632745346716343	0.001179891690727244
0.00296276697305415	0.0011780533389480702
0.002962260835171919	0.0011762241374831508
0.00296175611504286	0.0011744040311292602
0.002961252806718357	0.0011725929650856061
0.0029607509042830285	0.0011707908849503828
0.0029602504018544935	0.0011689977367173325
0.002959751293583141	0.0011672134667723463
0.002959253573651903	0.001165438021890115
0.002958757236276029	0.0011636713492307893
0.002958262275702864	0.0011619133963366999
0.0029577686862116183	0.001160164111129075
0.0029572764621131546	0.001158423441904826
0.0029567855977497715	0.0011566913373333495
0.002956296087494976	0.0011549677464533484
0.0029558079257532796	0.0011532526186697066
0.002955321106959978	0.0011515459037503824
0.0029548356255809437	0.0011498475518233275
0.0029543514761124156	0.001148157513373454
0.0029538686530807853	0.0011464757392396054
0.0029533871510424034	0.001144802180611589
0.002952906964583361	0.0011431367890271985
0.0029524280883192955	0.0011414795163693055
0.002951950516895187	0.0011398303148629518
0.0029514742449851567	0.0011381891370724757
0.0029509992672922735	0.0011365559358986776
0.0029505255785483536	0.0011349306645759972
0.002950053173513767	0.0011333132766697279
0.002949582046977244	0.001131703726073257
0.0029491121937556845	0.0011301019670053253
0.0029486436086939675	0.0011285079540073277
0.002948176286664761	0.0011269216419406208
0.00294771022256834	0.001125342985983877
0.0029472454113323924	0.0011237719416304411
0.0029467818479118435	0.0011222084646857367
0.002946319527288668	0.0011206525112646732
0.0029458584444717125	0.0011191040377891005
0.002945398594496514	0.0011175630009852735
0.002944939972425122	0.0011160293578813382
0.0029444825733459194	0.0011145030658048546
0.002944026392373452	0.0011129840823803324
0.002943571424648252	0.0011114723655267999
0.0029431176653366654	0.0011099678734553817
0.0029426651096306792	0.0011084705646669136
0.0029422137527477564	0.0011069803979495759
0.00294176358993066	0.0011054973323765351
0.0029413146164472947	0.001104021327303637
0.0029408668275905346	0.0011025523423670918
0.0029404202186780618	0.0011010903374812032
0.0029399747850522	0.001099635272836096
0.0029395305220797563	0.001098187108895492
0.0029390874251518607	0.00109674580639449
0.0029386454896838028	0.0010953113263373637
0.0029382047111148756	0.0010938836299953882
0.0029377650849082195	0.0010924626789046907
0.002937326606550668	0.0010910484348641083
0.002936889271552587	0.001089640859933076
0.002936453075447731	0.0010882399164295316
0.0029360180137930837	0.0010868455669278388
0.0029355840821687074	0.0010854577742567247
0.0029351512761775986	0.0010840765014972548
0.002934719591445532	0.001082701711980796
0.0029342890236209243	0.0010813333692870392
0.002933859568374674	0.0010799714372419949
0.002933431221400027	0.001078615879916043
0.0029330039784124283	0.0010772666616219832
0.002932577835149379	0.0010759237469131055
0.002932152787370296	0.0010745871005812871
0.002931728830856372	0.0010732566876550918
0.002931305961410432	0.0010719324733978962
0.0029308841748567995	0.0010706144233060394
0.002930463467041156	0.0010693025031069722
0.0029300438338304043	0.0010679966787574377
0.0029296252711125386	0.0010666969164416639
0.0029292077747965013	0.0010654031825695703
0.0029287913408120566	0.001064115443774996
0.002928375965109657	0.0010628336669139392
0.002927961643660309	0.0010615578190628127
0.0029275483724554457	0.001060287867516722
0.002927136147506797	0.0010590237797877462
0.0029267249648462623	0.001057765523603252
0.0029263148205257777	0.0010565130669042016
0.0029259057106172	0.0010552663778434987
0.0029254976312121698	0.0010540254247843293
0.002925090578421995	0.0010527901762985297
0.002924684548377524	0.0010515606011649648
0.0029242795372290244	0.0010503366683679255
0.0029238755411460596	0.0010491183470955263
0.0029234725563173705	0.0010479056067381409
0.002923070578950753	0.001046698416886828
0.0029226696052729413	0.0010454967473317875
0.0029222696315294875	0.0010443005680608197
0.0029218706539846473	0.0010431098492578086
0.002921472668921263	0.0010419245613012128
0.002921075672640644	0.0010407446747625593
0.0029206796614624593	0.0010395701604049787
0.0029202846317246157	0.0010384009891817223
0.002919890579783154	0.001037237132234714
0.002919497502012129	0.0010360785608931045
0.0029191053948035006	0.0010349252466718372
0.002918714254567026	0.0010337771612702374
0.0029183240777301495	0.0010326342765706062
0.0029179348607378903	0.001031496564636823
0.0029175466000527367	0.001030363997712965
0.0029171592921545413	0.0010292365482219455
0.0029167729335404105	0.00102811418876415
0.0029163875207246005	0.0010269968921160937
0.002916003050238412	0.0010258846312290897
0.0029156195186300906	0.001024777379227932
0.002915236922464717	0.0010236751094095755
0.002914855258324105	0.0010225777952418418
0.0029144745228067087	0.0010214854103621426
0.0029140947125275056	0.0010203979285761829
0.0029137158241179127	0.0010193153238567197
0.0029133378542256783	0.00101823757034229
0.002912960799514778	0.0010171646423359731
0.0029125846566653325	0.0010160965143041663
0.002912209422373495	0.0010150331608753534
0.0029118350933513594	0.0010139745568388961
0.0029114616663268676	0.0010129206771438363
0.0029110891380437105	0.0010118714968977054
0.0029107175052612336	0.0010108269913653406
0.002910346764754345	0.0010097871359677187
0.0029099769133134213	0.0010087519062807959
0.002909607947744211	0.0010077212780343551
0.0029092398648677513	0.0010066952271108728
0.002908872661520267	0.0010056737295443773
0.002908506334553086	0.001004656761519339
0.0029081408808325497	0.0010036442993695553
0.00290777629723992	0.0010026363195770477
0.002907412580671292	0.0010016327987709707
0.0029070497280375045	0.0010006337137265272
0.0029066877362640595	0.000999639041363901
0.0029063266022910255	0.0009986487587471842
0.0029059663230729576	0.0009976628430833257
0.002905606895578809	0.0009966812717210826
0.002905248316791848	0.0009957040221499857
0.002904890583709574	0.0009947310719993076
0.0029045336933436303	0.0009937623990370415
0.002904177642719724	0.000992797981168893
0.0029038224288775423	0.0009918377964372716
0.0029034680488706716	0.000990881823020305
0.002903114499766512	0.0009899300392308382
0.0029027617786462046	0.0009889824235154708
0.00290240988260454	0.000988038954453575
0.002902058808749889	0.0009870996107563402
0.002901708554204117	0.0009861643712658179
0.002901359116102508	0.0009852332149539748
0.002901010491593684	0.0009843061209217538
0.002900662677839533	0.0009833830683981474
0.0029003156720151233	0.0009824640367392704
0.0028999694713086363	0.0009815490054274482
0.0028996240729212835	0.0009806379540703107
0.0028992794740672354	0.0009797308623998894
0.0028989356719735424	0.0009788277102717254
0.0028985926638800666	0.0009779284776639872
0.0028982504470394014	0.0009770331446765925
0.0028979090187168017	0.0009761416915303338
0.0028975683761901117	0.0009752540985660216
0.0028972285167496907	0.0009743703462436245
0.00289688943769834	0.0009734904151414179
0.0028965511363512352	0.0009726142859551482
0.0028962136100358538	0.0009717419394971927
0.0028958768560919034	0.0009708733566957345
0.0028955408718712534	0.0009700085185939372
0.002895205654737866	0.0009691474063491346
0.002894871202067724	0.0009682900012320199
0.0028945375112487664	0.000967436284625842
0.0028942045796808186	0.0009665862380256183
0.0028938724047755265	0.0009657398430373365
0.0028935409839562845	0.0009648970813771797
0.0028932103146581747	0.0009640579348707463
0.002892880394327897	0.0009632223854522832
0.0028925512204237063	0.0009623904151639232
0.002892222790415344	0.0009615620061549231
0.0028918951017839756	0.0009607371406809182
0.0028915681520221264	0.000959915801103176
0.002891241938633614	0.0009590979698878557
0.0028909164591334894	0.0009582836296052764
0.002890591711047973	0.000957472762929191
0.0028902676919143875	0.0009566653526360627
0.002889944399281102	0.0009558613816043535
0.0028896218307074644	0.0009550608328138096
0.0028892999837637455	0.000954263689344763
0.0028889788560310754	0.0009534699343774298
0.0028886584451013786	0.0009526795511912165
0.002888338748577323	0.0009518925231640381
0.002888019764072252	0.0009511088337716285
0.0028877014892101285	0.0009503284665868725
0.0028873839216254768	0.0009495514052791304
0.0028870670589633204	0.0009487776336135729
0.00288675089887913	0.0009480071354505213
0.0028864354390387573	0.000947239894744795
0.0028861206771183864	0.0009464758955450553
0.0028858066108044694	0.0009457151219931702
0.002885493237793674	0.0009449575583235662
0.002885180555792824	0.0009442031888625955
0.002884868562518849	0.0009434519980279154
0.002884557255698721	0.0009427039703278499
0.0028842466330694077	0.0009419590903607816
0.002883936692377809	0.0009412173428145304
0.0028836274313807104	0.0009404787124657479
0.0028833188478447217	0.0009397431841793079
0.00288301093954623	0.0009390107429077111
0.0028827037042713412	0.0009382813736904855
0.0028823971398158304	0.0009375550616535974
0.0028820912439850863	0.0009368317920088653
0.0028817860145940602	0.0009361115500533777
0.002881481449467215	0.0009353943211689156
0.0028811775464384713	0.0009346800908213794
0.0028808743033511587	0.0009339688445602245
0.0028805717180579614	0.0009332605680178905
0.00288026978842087	0.0009325552469092483
0.0028799685123111324	0.0009318528670310435
0.0028796678876092004	0.0009311534142613429
0.0028793679122046797	0.0009304568745589892
0.002879068583996285	0.0009297632339630623
0.0028787699008917885	0.0009290724785923361
0.0028784718608079692	0.0009283845946447492
0.002878174461670566	0.0009276995683968708
0.0028778777014142314	0.0009270173862033764
0.002877581577982481	0.0009263380344965301
0.0028772860893276483	0.0009256614997856631
0.0028769912334108347	0.000924987768656658
0.0028766970082018646	0.0009243168277714448
0.002876403411679237	0.0009236486638674896
0.0028761104418300845	0.0009229832637572973
0.002875398114234955	0.0009213686567636484
0.002874685945985446	0.0009197576455731618
0.0028739752929875313	0.0009181532860056223
0.002873266150410441	0.0009165555465876935
0.0028725585134439188	0.000914964396023238
0.002871852377298109	0.0009133798031921382
0.0028711477372034564	0.0009118017371491482
0.002870444588410591	0.0009102301671227304
0.002869742926190226	0.0009086650625139173
0.002869042745833052	0.0009071063928951769
0.002868344042649626	0.0009055541280092788
0.0028676468119702755	0.0009040082377681873
0.002866951049144987	0.0009024686922519445
0.0028662567495433048	0.0009009354617075705
0.0028655639085542325	0.000899408516547971
0.002864872521586122	0.0008978878273508547
0.002864182584066583	0.0008963733648576538
0.0028634940914423726	0.0008948650999724571
0.002862807039179301	0.0008933630037609498
0.0028621214227621287	0.0008918670474493617
0.0028614372376944714	0.0008903772024234223
0.002860754479498696	0.0008888934402273235
0.0028600731437158286	0.0008874157325626908
0.0028593932259054536	0.0008859440512875639
0.002858714721645621	0.000884478368415382
0.002858037626532744	0.0008830186561139773
0.002857361936181513	0.0008815648867045778
0.0028566876462247917	0.0008801170326608141
0.0028560147523135297	0.0008786750666077404
0.002855343250116666	0.0008772389613208522
0.002854673135321034	0.00087580868972512
0.0028540044036312762	0.000874384224894031
0.0028533370507697452	0.0008729655400486274
0.002852671072476415	0.0008715526085565636
0.0028520064645087906	0.0008701454039311621
0.002851343222641819	0.0008687438998304856
0.002850681342667798	0.0008673480700564022
0.0028500208203962895	0.0008659578885536743
0.002849361651654024	0.0008645733294090345
0.0028487038322848237	0.0008631943668502894
0.0028480473581495086	0.0008618209752454151
0.0028473922251258067	0.0008604531291016633
0.002846738429108276	0.000859090803064676
0.0028460859660082126	0.0008577339719176047
0.002845434831753567	0.0008563826105802377
0.002844785022288859	0.0008550366941081317
0.002844136533575095	0.0008536961976917492
0.0028434893615896847	0.0008523610966556093
0.0028428435023263544	0.0008510313664574344
0.002842198951795067	0.0008497069826873058
0.0028415557060219405	0.0008483879210668345
0.002840913761049164	0.0008470741574483255
0.0028402731129349166	0.0008457656678139556
0.0028396337577532935	0.0008444624282749596
0.0028389956915942137	0.0008431644150708063
0.002838358910563349	0.0008418716045684049
0.0028377234107820446	0.0008405839732612987
0.002837089188387234	0.0008393014977688698
0.002836456239531369	0.0008380241548355527
0.002835824560382336	0.0008367519213300507
0.0028351941471233817	0.0008354847742445557
0.0028345649959530335	0.0008342226906939803
0.002833937103085027	0.000832965647915187
0.002833310464748224	0.000831713623266231
0.002832685077186545	0.0008304665942256032
0.0028320609366588876	0.0008292245383914791
0.002831438039439054	0.000827987433480978
0.002830816381815677	0.0008267552573294169
0.0028301959600921483	0.0008255279878895844
0.002829576770586541	0.0008243056032310058
0.002828958809631541	0.0008230880815392233
0.00282834207357437	0.0008218754011150743
0.002827726558776718	0.0008206675403739814
0.002827112261614669	0.0008194644778452417
0.0028264991784786326	0.0008182661921713262
0.0028258873057732696	0.0008170726621071777
0.002825276639917425	0.0008158838665195228
0.002824667177344053	0.0008146997843861757
0.002824058914500158	0.0008135203947953662
0.0028234518478467124	0.00081234567694505
0.0028228459738585967	0.00081117561014224
0.0028222412890245314	0.0008100101738023411
0.002821637789847003	0.0008088493474484742
0.0028210354728422033	0.0008076931107108314
0.0028204343345399558	0.0008065414433260077
0.0028198343714836566	0.0008053943251363604
0.0028192355802302014	0.0008042517360893574
0.002818637957349924	0.0008031136562369385
0.002818041499426529	0.0008019800657348794
0.0028174462030570242	0.0008008509448421546
0.002816852064851664	0.0007997262739203176
0.0028162590814338733	0.0007986060334328688
0.002815667249440197	0.0007974902039446425
0.0028150765655202206	0.0007963787661211899
0.002814487026336525	0.0007952717007281679
0.002813898628564608	0.0007941689886307357
0.002813311368892829	0.0007930706107929478
0.0028127252440223486	0.0007919765482771623
0.002812140250667063	0.0007908867822434423
0.002811556385553542	0.0007898012939489675
0.002810973645420972	0.0007887200647474512
0.0028103920270210916	0.0007876430760885562
0.0028098115271181353	0.0007865703095173187
0.0028092321424887674	0.000785501746673574
0.0028086538699220267	0.0007844373692913869
0.0028080767062192693	0.0007833771591984899
0.0028075006481941035	0.0007823210983157172
0.0028069256926723345	0.0007812691686564461
0.002806351836491908	0.0007802213523260495
0.002805779076502848	0.0007791776315213396
0.0028052074095672014	0.0007781379885300246
0.002804636832558983	0.0007771024057301654
0.0028040673423641136	0.0007760708655896375
0.0028034989358803664	0.0007750433506655955
0.002802931610017311	0.0007740198436039397
0.0028023653616962548	0.0007730003271387925
0.002801800187850192	0.0007719847840919713
0.002801236085423742	0.0007709731973724674
0.0028006730513731003	0.0007699655499759325
0.002800111082665979	0.0007689618249841603
0.0027995501762815554	0.0007679620055645794
0.002798990329210417	0.0007669660749697486
0.0027984315384545068	0.0007659740165368477
0.002797873801027072	0.0007649858136871857
0.0027973171139526075	0.0007640014499256969
0.0027967614742668064	0.0007630209088404537
0.002796206879016504	0.0007620441741021748
0.0027956533252596304	0.0007610712294637385
0.002795100810065152	0.0007601020587597006
0.0027945493305130257	0.0007591366459058127
0.002793998883694143	0.00075817497489855
0.0027934494667102806	0.0007572170298146327
0.002792901076674053	0.0007562627948105618
0.0027923537107088533	0.0007553122541221457
0.0027918073659488132	0.0007543653920640415
0.0027912620395387448	0.0007534221930292932
0.0027907177286340965	0.0007524826414888732
0.0027901744304008975	0.0007515467219912256
0.0027896321420157162	0.0007506144191618217
0.002789090860665605	0.0007496857177027047
0.0027885505835480544	0.0007487606023920464
0.002788011307870944	0.0007478390580837081
0.0027874730308524946	0.0007469210697067938
0.002786935749721221	0.0007460066222652222
0.0027863994617158836	0.0007450957008372879
0.0027858641640854404	0.0007441882905752301
0.0027853298540890014	0.0007432843767048077
0.002784796528995782	0.0007423839445248736
0.0027842641860850548	0.0007414869794069507
0.0027837328226461046	0.0007405934667948139
0.0027832024359781818	0.0007397033922040733
0.002782673023390457	0.0007388167412217613
0.0027821445822019753	0.0007379334995059172
0.0027816171097416117	0.0007370536527851862
0.002781090603348026	0.0007361771868584083
0.002780565060369616	0.0007353040875942151
0.002780040478164475	0.0007344343409306316
0.0027795168541003487	0.0007335679328746788
0.0027789941855545872	0.0007327048495019757
0.0027784724699141056	0.0007318450769563509
0.0027779517045753363	0.0007309886014494481
0.0027774318869441907	0.0007301354092603433
0.00277691301443601	0.0007292854867351562
0.002776395084475528	0.0007284388202866695
0.0027758780944968264	0.0007275953963939517
0.002775362041943289	0.0007267552016019729
0.0027748469242675675	0.0007259182225212385
0.0027743327389315297	0.0007250844458274089
0.002773819483406226	0.0007242538582609356
0.0027733071551718446	0.0007234264466266908
0.0027727957517176692	0.0007226021977936024
0.0027722852705420412	0.0007217810986942924
0.0027717757091523148	0.0007209631363247146
0.002771173842895183	0.0007199989703246667
0.0027705644507314796	0.0007190247099844382
0.002769956153612094	0.0007180541680712694
0.0027693489485880766	0.0007170873292770971
0.0027687428327210517	0.0007161241783677445
0.0027681378030831806	0.000715164700182518
0.002767533856757104	0.0007142088796337832
0.0027669309908359054	0.0007132567017065615
0.0027663292024230545	0.0007123081514581169
0.0027657284886323692	0.0007113632140175543
0.002765128846587966	0.0007104218745854168
0.0027645302734242124	0.0007094841184332825
0.002763932766285683	0.0007085499309033684
0.0027633363223271163	0.0007076192974081378
0.0027627409387133636	0.0007066922034299028
0.002762146612619352	0.0007057686345204397
0.0027615533412300324	0.0007048485763005983
0.0027609611217403393	0.000703932014459917
0.002760369951355145	0.0007030189347562413
0.002759779827289217	0.000702109323015343
0.002759190746767172	0.0007012031651305441
0.0027586027070234343	0.0007003004470623395
0.0027580157053021925	0.000699401154838025
0.0027574297388573542	0.0006985052745513269
0.0027568448049525075	0.0006976127923620345
0.0027562609008608737	0.000696723694495633
0.002755678023865267	0.0006958379672429415
0.002755096171258053	0.0006949555969597496
0.0027545153403411068	0.0006940765700664621
0.002753935528425769	0.0006932008730477397
0.002753356732832807	0.0006923284924521449
0.002752778950892372	0.0006914594148917917
0.002752202179943959	0.0006905936270419927
0.002751626417336365	0.0006897311156409155
0.002751051660427649	0.0006888718674892337
0.0027504779065850903	0.0006880158694497858
0.002749905153185153	0.0006871631084472338
0.0027493333976134375	0.0006863135714677217
0.0027487626372646496	0.0006854672455585444
0.002748192869542555	0.0006846241178278059
0.002747624091859944	0.0006837841754440931
0.002747056301638586	0.0006829474056361408
0.0027464894963092	0.0006821137956925063
0.0027459236733114066	0.0006812833329612408
0.002745358830093696	0.0006804560048495666
0.0027447949641133864	0.0006796317988235542
0.0027442320728365876	0.0006788107024078029
0.0027436701537381586	0.0006779927031851194
0.002743109204301677	0.0006771777887962068
0.002742549222019397	0.0006763659469393456
0.0027419902043922103	0.0006755571653700831
0.0027414321489296145	0.0006747514319009236
0.0027408750531496724	0.00067394873440102
0.002740318914578973	0.0006731490607958644
0.0027397637307526018	0.0006723523990669885
0.0027392094992140965	0.0006715587372516552
0.002738656217515418	0.000670768063442563
0.002738103883216909	0.0006699803657875426
0.0027375524938872586	0.0006691956324892628
0.002737002047103471	0.000668413851804933
0.0027364525404508268	0.0006676350120460126
0.0027359039715228444	0.0006668591015779133
0.0027353563379212535	0.0006660861088197186
0.00273480963725595	0.0006653160222438866
0.002734263867144972	0.0006645488303759692
0.002733719025214455	0.0006637845217943258
0.0027331751090986017	0.0006630230851298381
0.0027326321164396527	0.0006622645090656361
0.002732090044887844	0.0006615087823368098
0.0027315488921013753	0.0006607558937301366
0.002731008655746384	0.0006600058320838069
0.0027304693334969004	0.0006592585862871458
0.00272993092303482	0.0006585141452803414
0.0027293934220498713	0.0006577724980541767
0.0027288568282395815	0.0006570336336497581
0.002728321139309241	0.0006562975411582473
0.002727786352971875	0.0006555642097205963
0.0027272524669482087	0.0006548336285272838
0.0027267194789666344	0.0006541057868180509
0.0027261873867631802	0.0006533806738816409
0.0027256561880814783	0.0006526582790555384
0.0027251258806727328	0.0006519385917257151
0.0027245964622956854	0.0006512216013263685
0.0027240679307165908	0.0006505072973396694
0.002723540283709176	0.0006497956692955097
0.002723013519054616	0.0006490867067712486
0.002722487634541502	0.0006483803993914637
0.0027219626279658044	0.0006476767368277008
0.002721438497130851	0.0006469757087982288
0.0027209152398472883	0.0006462773050677915
0.0027203928539330574	0.0006455815154473659
0.00271987133721336	0.0006448883297939174
0.0027193506875206274	0.0006441977380101596
0.002718830902694494	0.0006435097300443133
0.0027183119805817653	0.0006428242958898704
0.0027177939190363865	0.0006421414255853531
0.0027172767159194195	0.0006414611092140833
0.002716760369099003	0.0006407833369039435
0.002716244876450332	0.0006401080988271465
0.0027157302358556262	0.0006394353852000054
0.0027152164452040987	0.0006387651862827003
0.0027147035023919307	0.0006380974923790528
0.0027141914053222397	0.0006374322938362962
0.002713680151905051	0.0006367695810448509
0.0027131697400572742	0.0006361093444381017
0.002712660167702668	0.0006354515744921705
0.0027121514327718165	0.0006347962617256977
0.0027116435332020994	0.0006341433966996204
0.002711136466937664	0.0006334929700169535
0.002710630231929401	0.0006328449723225716
0.00271012482613491	0.0006321993943029923
0.002709620247518479	0.0006315562266861622
0.0027091164940510532	0.0006309154602412393
0.0027086135637102073	0.0006302770857783846
0.002708111454480123	0.0006296410941485479
0.002707610164351555	0.0006290074762432575
0.0027071096913218106	0.0006283762229944126
0.002706610033394722	0.000627747325374075
0.0027061111885806136	0.0006271207743942606
0.002705613154896285	0.0006264965611067373
0.002705115930364977	0.000625874676602818
0.002704619513016349	0.0006252551120131593
0.002704123900886455	0.0006246378585075599
0.002703629092017711	0.0006240229072947579
0.0027031350844588754	0.0006234102496222335
0.002702641876265022	0.0006227998767760114
0.002702149465497513	0.0006221917800804605
0.0027016578502239734	0.0006215859508981016
0.0027011670285182693	0.0006209823806294099
0.0027006769984604774	0.0006203810607126234
0.0027001877581368638	0.000619781982623549
0.0026996993056398583	0.0006191851378753715
0.0026992116390680294	0.0006185905180184643
0.002698724756526058	0.0006179981146401987
0.0026982386561247174	0.0006174079193647575
0.002697753335980842	0.0006168199238529461
0.002697268794217309	0.0006162341198020082
0.0026967850289630136	0.0006156504989454412
0.0026963020383528402	0.0006150690530528115
0.002695819820527643	0.0006144897739295722
0.00269533837363422	0.000613912653416881
0.0026948576958252925	0.0006133376833914216
0.002694377785259475	0.0006127648557652222
0.0026938986401012586	0.0006121941624854776
0.0026934202585209835	0.0006116255955343722
0.002692942638694817	0.0006110591469289031
0.0026924657788047306	0.0006104948087207063
0.0026919896770384757	0.0006099325729958796
0.002691514331589562	0.0006093724318748108
0.0026910397406572344	0.0006088143775120072
0.002690565902446448	0.0006082584020959197
0.0026900928151678497	0.0006077044978487776
0.002689620477037754	0.0006071526570264158
0.0026891488862781166	0.0006066028719181064
0.002688678041116518	0.0006060551348463935
0.0026882079397861384	0.0006055094381669251
0.0026877385805257363	0.0006049657742682876
0.0026872699615796245	0.0006044241355718414
0.0026868020811976518	0.0006038845145315585
0.002686334937635178	0.0006033469036338568
0.002685868529153055	0.0006028112953974427
0.002685402854017601	0.0006022776823731449
0.0026849379105005847	0.00060174605714376
0.0026844736968792	0.0006012164123238889
0.0026840102114360446	0.0006006887405597822
0.002683547452459101	0.0006001630345291798
0.0026830854182417147	0.0005996392869411574
0.002682624107082571	0.0005991174905359693
0.0026821635172856774	0.0005985976380848948
0.0026817036471603424	0.000598079722390084
0.0026812444950211505	0.0005975637362844049
0.0026807860591879485	0.0005970496726312922
0.0026803283379858186	0.0005965375243245953
0.002679871329745064	0.0005960272842884301
0.002679415032801182	0.0005955189454770254
0.0026789594454948483	0.000595012500874579
0.002678504566171896	0.0005945079434951071
0.002678050393183297	0.0005940052663823004
0.002677596924885138	0.0005935044626093737
0.002677144159638604	0.0005930055252789246
0.0026766920958099577	0.0005925084475227871
0.00267624073177052	0.0005920132225018887
0.0026757900658966488	0.0005915198434061077
0.0026753400965697244	0.0005910283034541317
0.0026748908221761233	0.0005905385958933143
0.0026744422411072036	0.0005900507139995378
0.002673994351759285	0.0005895646510770708
0.0026735471525336273	0.0005890804004584318
0.002673100641836416	0.0005885979555042492
0.0026726548180787393	0.0005881173096031261
0.0026722096796765694	0.0005876384561715009
0.002671765225050747	0.0005871613886535151
0.00267132145262696	0.0005866861005208752
0.002670878360835725	0.0005862125852727208
0.002670435948112369	0.0005857408364354898
0.0026699942128970123	0.0005852708475627858
0.0026695531536345476	0.000584802612235247
0.0026691127687746255	0.0005843361240604139
0.0026686730567716315	0.0005838713766725991
0.002668234016084673	0.0005834083637327584
0.002667795645177558	0.0005829470789283606
0.002667357942518776	0.0005824875159732587
0.0026669209065814854	0.0005820296686075647
0.0026664845358434905	0.0005815735305975195
0.0026660488287872258	0.000581119095735369
0.0026656137838997405	0.0005806663578392381
0.002665179399672676	0.0005802153107530044
0.002664745674602254	0.0005797659483461765
0.0026643126071892553	0.0005793182645137682
0.0026638801959390024	0.0005788722531761769
0.002663448439361347	0.0005784279082790618
0.002663017335970647	0.0005779852237932215
0.0026625868842857533	0.0005775441937144743
0.002662157082829991	0.0005771048120635368
0.002661727930131142	0.0005766670728859048
0.0026612994247214327	0.0005762309702517369
0.00266087156513751	0.0005757964982557315
0.002660444349920431	0.0005753636510170149
0.002660017777615642	0.0005749324226790187
0.002659591846772966	0.0005745028074093698
0.002659166555946582	0.0005740747993997685
0.0026587419036950125	0.0005736483928658792
0.0026583178885811053	0.0005732235820472126
0.0026578945091720154	0.0005728003612070118
0.0026574717640391954	0.0005723787246321427
0.0026570496517583694	0.000571958666632977
0.0026566281709095273	0.000571540181543284
0.002656207320076901	0.0005711232637201176
0.002655787097848954	0.0005707079075437054
0.002655367502818362	0.0005702941074173406
0.002654948533582	0.0005698818577672704
0.0026545301887409226	0.0005694711530425875
0.0026541124669003536	0.0005690619877151245
0.002653695366669666	0.0005686543562793416
0.0026532788866623696	0.0005682482532522233
0.002652863025496094	0.0005678436731731712
0.002652447781792575	0.0005674406106038963
0.0026520331541776375	0.0005670390601283167
0.0026516191412811795	0.0005666390163524488
0.0026512057417371606	0.0005662404739043069
0.0026507929541835853	0.0005658434274337978
0.0026503807772624843	0.0005654478716126171
0.002649969209619908	0.0005650538011341484
0.0026495582499059026	0.0005646612107133602
0.0026491478967745003	0.0005642700950867038
0.002648738148883705	0.0005638804490120142
0.002648329004895475	0.0005634922672684082
0.0026479204634757116	0.0005631055446561862
0.0026475125232942403	0.00056272027599673
0.002647105183024801	0.000562336456132408
0.0026466984413450294	0.0005619540799264735
0.002646292296936447	0.0005615731422629691
0.002645886748484444	0.0005611936380466297
0.0026454817946782653	0.0005608155622027831
0.0026450774342109957	0.0005604389096772571
0.0026446736657795497	0.0005600636754362829
0.002644270488084654	0.0005596898544663996
0.002643867899830832	0.0005593174417743583
0.002643465899726394	0.0005589464323870307
0.0026430644864834235	0.000558576821351315
0.002642663658817758	0.0005582086037340401
0.002642263415448981	0.0005578417746218758
0.0026418637551004066	0.00055747632912124
0.002641464676499065	0.0005571122623582072
0.002641066178375688	0.0005567495694784154
0.0026406682594646994	0.000556388245646979
0.0026402709185041995	0.0005560282860483958
0.0026398741542359495	0.0005556696858864584
0.0026394779654053623	0.0005553124403841649
0.0026390823507614868	0.00055495654478363
0.0026386873090569933	0.0005546019943459961
0.0026382928390481647	0.0005542487843513472
0.0026378989394948804	0.0005538969100986201
0.002637505609160604	0.0005535463669055177
0.00263711284681237	0.0005531971501084232
0.002636720651220771	0.0005528492550623133
0.002636329021159945	0.0005525026771406732
0.0026359379554075652	0.0005521574117354118
0.002635547452744821	0.0005518134542567757
0.0026351575119564125	0.0005514708001332675
0.0026347681318305313	0.0005511294448115586
0.002634379311158854	0.0005507893837564095
0.0026339910487365274	0.0005504506124505849
0.0026336033433621503	0.0005501131263947705
0.002633216193837774	0.0005497769211074942
0.002632829598968876	0.0005494419921250404
0.0026324435575643557	0.0005491083350013721
0.002632058068436525	0.0005487759453080489
0.0026316731304010855	0.0005484448186341464
0.0026312887422771246	0.0005481149505861768
0.002630904902887102	0.0005477863367880095
0.0026305216110568378	0.0005474589728807918
0.002630138865615497	0.0005471328545228704
0.002629756665395583	0.0005468079773897131
0.0026293750092329215	0.0005464843371738308
0.002628993895966651	0.0005461619295847005
0.002628613324439209	0.0005458407503486875
0.0026282332934963234	0.0005455207952089704
0.002627853801986997	0.0005452020599254622
0.0026274748487635008	0.0005448845402747381
0.0026270964326813545	0.0005445682320499556
0.002626718552599325	0.0005442531310607839
0.002626341207379408	0.0005439392331333268
0.002625964395886818	0.0005436265341100477
0.002625588116989976	0.0005433150298496979
0.0026252123695605033	0.0005430047162272419
0.002624837152473203	0.0005426955891337842
0.002624462464606054	0.000542387644476497
0.002624088304840198	0.0005420808781785473
0.0026237146720599273	0.0005417752861790251
0.002623341565152676	0.0005414708644328723
0.0026229689830090082	0.0005411676089108107
0.002622596924522604	0.0005408655155992711
0.002622225388590253	0.0005405645805003235
0.002621854374111844	0.0005402647996316064
0.002621483879990346	0.0005399661690262565
0.0026211139051318076	0.0005396686847328405
0.0026207444484453403	0.0005393723428152846
0.0026203755088431077	0.0005390771393528066
0.0026200070852403206	0.0005387830704398483
0.0026196391765552158	0.0005384901321860045
0.002619271781709058	0.0005381983207159593
0.0026189048996261175	0.000537907632169415
0.0026185385292336696	0.0005376180627010282
0.0026181726694619787	0.0005373296084803412
0.002617807319244286	0.0005370422656917154
0.0026174424775168067	0.0005367560305342673
0.0026170781432187113	0.0005364708992218013
0.002616714315292122	0.0005361868679827443
0.0026163509926820966	0.0005359039330600811
0.002615988174336624	0.0005356220907112907
0.00261562585920661	0.0005353413372082799
0.002615264046245868	0.0005350616688373209
0.0026149027344111106	0.0005347830818989871
0.0026145419226619375	0.0005345055727080895
0.002614181609960827	0.0005342291375936146
0.0026138217952731257	0.00053395377289866
0.002613462477567036	0.0005336794749803734
0.002613103655813613	0.0005334062402098909
0.0026127453289867455	0.0005331340649722728
0.0026123874960631544	0.0005328629456664448
0.0026120301560223777	0.0005325928787051355
0.0026116733078467647	0.0005323238605148166
0.0026113169505214617	0.0005320558875356398
0.0026109610830344064	0.0005317889562213801
0.002610605704376317	0.0005315230630393733
0.0026102508135406825	0.000531258204470457
0.002609896409523752	0.0005309943770089115
0.002609542491324528	0.000530731577162401
0.0026091890579447545	0.0005304698014519147
0.0026088361083889105	0.0005302090464117077
0.002608483641664196	0.0005299493085892434
0.002608131656780527	0.0005296905845451359
0.0026077801527505237	0.0005294328708530914
0.0026074291285895037	0.0005291761640998522
0.0026070785833154694	0.0005289204608851393
0.0026067285159491046	0.0005286657578215954
0.0026063789255137536	0.0005284120515347268
0.00260602981103543	0.0005281593386628519
0.002605681171542791	0.0005279076158570407
0.0026053330060671377	0.000527656879781061
0.0026049853136424013	0.0005274071271113227
0.002604638093305141	0.0005271583545368244
0.0026042913440945236	0.0005269105587590958
0.002603945065052328	0.0005266637364921451
0.0026035992552229273	0.000526417884462405
0.002603253913653281	0.0005261729994086772
0.0026029090393929312	0.0005259290780820804
0.002602564631493988	0.000525686117245995
0.002602220689011125	0.0005254441136760123
0.0026018772110015667	0.0005252030641598788
0.0026015341965250852	0.0005249629654974467
0.0026011916446439876	0.0005247238145006186
0.002600849554423106	0.0005244856079932971
0.002600507924929795	0.0005242483428113323
0.002600166755233917	0.000524012015802471
0.0025998260444078398	0.0005237766238263043
0.0025994857915264203	0.0005235421637542166
0.0025991459956670043	0.0005233086324693355
0.002598806655909413	0.0005230760268664809
0.0025984677713359362	0.0005228443438521136
0.0025981293410313262	0.000522613580344288
0.002597791364082783	0.0005223837332725982
0.0025974538395799533	0.0005221547995781318
0.002597116766614921	0.0005219267762134193
0.0025967801442821946	0.0005216996601423845
0.0025964439716787027	0.0005214734483402958
0.0025961082479037884	0.0005212481377937191
0.0025957729720591932	0.0005210237255004668
0.0025954381432490583	0.0005208002084695514
0.002595103760579909	0.0005205775837211372
0.002594769823160652	0.0005203558482864923
0.0025944363301025654	0.0005201349992079413
0.0025941032805192896	0.0005199150335388181
0.0025937706735268224	0.0005196959483434196
0.002593438508243508	0.0005194777406969565
0.0025931067837900333	0.0005192604076855104
0.0025927754992894144	0.0005190439464059838
0.0025924338587709813	0.0005188213191264624
0.002592093014520024	0.0005185998097791454
0.0025917526214196294	0.0005183791907824719
0.0025914126785746595	0.0005181594591858253
0.0025910731850923405	0.0005179406120495188
0.002590734140082256	0.0005177226464447467
0.002590395542656345	0.0005175055594535416
0.0025900573919288832	0.0005172893481687241
0.0025897196870164887	0.0005170740096938618
0.0025893824270381014	0.0005168595411432196
0.002589045611114986	0.0005166459396417174
0.0025887092383707158	0.0005164332023248827
0.002588373307931173	0.0005162213263388089
0.002588037818924533	0.0005160103088401061
0.0025877027704812637	0.0005158001469958604
0.0025873681617341136	0.0005155908379835884
0.002587033991818108	0.0005153823789911935
0.0025867002598705374	0.000515174767216921
0.0025863669650309533	0.0005149679998693161
0.002586034106441159	0.0005147620741671793
0.0025857016832452027	0.0005145569873395235
0.0025853696945893736	0.0005143527366255322
0.0025848048313160026	0.0005140061710375658
0.002584249371681486	0.0005136663304144112
0.002583694636717076	0.0005133278785854214
0.002583140625005552	0.0005129908109868305
0.002582587335133391	0.0005126551230715778
0.0025820347656907517	0.0005123208103092373
0.0025814829152714597	0.0005119878681859463
0.002580931782472999	0.0005116562922043392
0.0025803813658964985	0.0005113260778834752
0.0025798316641467214	0.0005109972207587717
0.002579282675832051	0.0005106697163819354
0.002578734399564481	0.0005103435603208934
0.0025781868339596033	0.0005100187481597267
0.002577639977636598	0.0005096952754986027
0.002577093829218217	0.0005093731379537068
0.002576548387330779	0.0005090523311571773
0.002576003650604153	0.0005087328507570382
0.002575459617671746	0.0005084146924171318
0.0025749162871704983	0.0005080978518170562
0.002574373657740865	0.000507782324652096
0.0025738317280268085	0.0005074681066331598
0.0025732904966757858	0.000507155193486714
0.002572749962338737	0.0005068435809547183
0.002572210123670075	0.0005065332647945626
0.002571670979327676	0.0005062242407790013
0.0025711325279728636	0.0005059165046960904
0.002570594768270401	0.0005056100523491248
0.0025700576988884815	0.0005053048795565743
0.0025695213184987126	0.0005050009821520209
0.0025689856257761104	0.0005046983559840967
0.002568450619399085	0.0005043969969164222
0.00256791629804943	0.0005040969008275424
0.002567382660412315	0.0005037980636108682
0.002566849705176271	0.0005035004811746125
0.00256631743103318	0.0005032041494417298
0.0025657858366782676	0.0005029090643498571
0.002565254920810086	0.0005026152218512506
0.0025647246821305127	0.0005023226179127283
0.002564195119344731	0.0005020312485156087
0.0025636662311612243	0.0005017411096556508
0.0025631380162917635	0.0005014521973429955
0.0025626104734513995	0.0005011645076021073
0.0025620836013584484	0.0005008780364717135
0.0025615573987344837	0.0005005927800047473
0.0025610318643043283	0.0005003087342682897
0.0025605069967960387	0.0005000258953435096
0.0025599827949408975	0.0004997442593256087
0.002559459257473406	0.0004994638223237623
0.0025589363831312697	0.0004991845804610629
0.002558414170655388	0.0004989065298744627
0.002557892618789849	0.0004986296667147182
0.0025573717262819154	0.000498353987146332
0.0025568514918820153	0.0004980794873474993
0.00255633191434373	0.0004978061635100484
0.002555812992423791	0.0004975340118393897
0.0025552947248820602	0.0004972630285544557
0.002554777110481529	0.0004969932098876494
0.0025542584555754665	0.0004967236756210816
0.002553743467312688	0.0004964568606734219
0.002553229126833888	0.0004961911961646631
0.002552715432917601	0.0004959266783900606
0.0025522023843454287	0.0004956633036580336
0.002551689979902037	0.0004954010682901138
0.0025511782183751342	0.0004951399686208872
0.0025506670985554767	0.0004948800009979468
0.0025501566192368463	0.0004946211617818362
0.0025496467792160468	0.000494363447345998
0.0025491375772928957	0.000494106854076723
0.0025486290122702115	0.0004938513783730966
0.0025481210829538057	0.0004935970166469476
0.002547613788152473	0.0004933437653227974
0.002547107126677984	0.0004930916208378067
0.002546601097345072	0.000492840579641728
0.0025460956989714293	0.0004925906381968515
0.00254559093037769	0.0004923417929779556
0.0025450867903874306	0.0004920940404722578
0.0025445832778271523	0.0004918473771793634
0.0025440803915262778	0.0004916017996112153
0.0025435781303171385	0.000491357304292046
0.0025430764930349666	0.0004911138877583262
0.0025425754785178873	0.0004908715465587174
0.00254207508560691	0.0004906302772540223
0.002541575313145913	0.0004903900764171349
0.0025410761599816475	0.0004901509406329948
0.002540577624963715	0.0004899128664985358
0.0025400797069445673	0.0004896758506226402
0.002539582404779494	0.0004894398896260891
0.0025390857173266143	0.0004892049801415167
0.0025385896434468704	0.0004889711188133615
0.0025380941820040154	0.0004887383022978199
0.002537599331864605	0.0004885065272627975
0.002537105091897993	0.00048827579038786587
0.0025366114609763186	0.0004880460883642122
0.002536118437974499	0.0004878174178945957
0.00253562602177022	0.0004875897756932995
0.002535134211243929	0.0004873631584860861
0.0025346430052788256	0.00048713756301015126
0.0025341524027608533	0.00048691298601407794
0.0025336624025786925	0.0004866894242577923
0.002533173003623749	0.00048646687451251743
0.0025326842047901487	0.00048624533356072863
0.0025321960049747255	0.0004860247981961091
0.00253170840307702	0.0004858052652235057
0.002531221397999262	0.0004855867314588835
0.0025307349886463703	0.0004853691937292834
0.0025302491739259392	0.0004851526488727767
0.002529763952748232	0.0004849370937384217
0.0025292793240261763	0.00048472252518622164
0.0025287952866753496	0.00048450894008708
0.0025283118396139757	0.0004842963353227571
0.0025278289817629125	0.00048408470778582775
0.002527346712045652	0.0004838740543796397
0.0025268650293883022	0.0004836643720182692
0.0025263839327195874	0.00048345565762648
0.002525903420970833	0.0004832479081396796
0.0025254234930759682	0.00048304112050388066
0.002524944147971502	0.0004828352916756541
0.0025244653845965317	0.0004826304186220926
0.002523987201892726	0.0004824264983207664
0.0025235095988043192	0.00048222352775968236
0.002523032574278102	0.00048202150393724367
0.0025225561272634186	0.00048182042386220856
0.002522080256712152	0.0004816202845536499
0.002521604961578723	0.0004814210830409141
0.002521130240820078	0.00048122281636358205
0.0025206560933956827	0.0004810254815714272
0.0025201825182675146	0.00048082907572437756
0.002519709514400056	0.0004806335958924745
0.0025192370807602853	0.00048043903915583367
0.002518765216317671	0.00048024540260460625
0.0025182939200441624	0.0004800526833389385
0.002517823190914185	0.00047986087846893353
0.002517353027904627	0.0004796699851146119
0.0025168834299948415	0.0004794800004058743
0.002516414396166629	0.00047929092148246005
0.002515945925404236	0.00047910274549391207
0.002515478016694349	0.00047891546959953705
0.0025150106690260783	0.0004787290909683666
0.0025145438813909656	0.0004785436067791219
0.0025140776527829583	0.00047835901422017265
0.0025136119821984205	0.0004781753104895032
0.0025131468686361135	0.0004779924927946726
0.0025126823110971927	0.0004778105583527775
0.002512218308585199	0.0004776295043904163
0.002511754860106056	0.0004774493281436522
0.0025112919646680574	0.0004772700268579756
0.002510829621281864	0.00047709159778826856
0.0025103678289604926	0.00047691403819876636
0.0025099065867193134	0.0004767373453630247
0.0025094458935760403	0.00047656151656388045
0.002508985748550725	0.00047638654909341763
0.0025085261506657486	0.0004762124402529306
0.002508067098945818	0.0004760391873528895
0.0025076085924179525	0.0004758667877129031
0.002507150630111485	0.00047569523866168627
0.0025066932110580503	0.00047552453753702174
0.002506236334291578	0.0004753546816857274
0.00250577999884829	0.0004751856684636208
0.0025053242037666877	0.00047501749523548413
0.0025048689480875476	0.0004748501593750296
0.002504414230853919	0.00047468365826486606
0.0025039600511111092	0.0004745179892964637
0.002503506407906685	0.00047435314987012104
0.002503053300290459	0.00047418913739492933
0.0025026007273144897	0.00047402594928874146
0.0025021486880330663	0.00047386358297813494
0.0025016971815027106	0.0004737020358983814
0.0025012462067821673	0.00047354130549341226
0.0025007957629323975	0.000473381389215785
0.0025003458490165664	0.0004732222845266496
0.002499896464100049	0.000473063988895718
0.002499447607250413	0.00047290649980122915
0.0024989992775374193	0.0004727498147299178
0.002498551474033007	0.00047259393117697986
0.0024981041958113	0.0004724388466460438
0.002497657441948586	0.00047228455864913423
0.0024972112115233206	0.0004721310647066427
0.0024967655036161177	0.0004719783623472951
0.0024963203173097425	0.00047182644910811935
0.0024958756516891057	0.0004716753225344147
0.002495431505841257	0.0004715249801797187
0.0024949878788553806	0.00047137541960577835
0.002494544769822786	0.0004712266383825159
0.0024941021778369043	0.00047107863408800036
0.0024936601019932797	0.000470931404308414
0.0024932185413895653	0.00047078494663802407
0.0024927774951255185	0.0004706392586791508
0.0024923369623029894	0.0004704943380421364
0.00249189694202592	0.00047035018234531595
0.0024914574334003355	0.00047020678921498615
0.0024910184355343393	0.0004700641562853749
0.0024905799475381063	0.00046992228119861247
0.002490141968523877	0.00046978116160470017
0.002489704497605952	0.00046964079516148186
0.002489267533900685	0.00046950117953461313
0.0024888310765264787	0.00046936231239753294
0.0024883951246037765	0.00046922419143143306
0.00248795967725506	0.0004690868143252302
0.002487524733604837	0.00046895017877553484
0.002487090292779644	0.0004688142824866241
0.0024866563539080342	0.0004686791231704131
0.0024862229161205698	0.0004685446985464225
0.0024857899785498253	0.0004684110063417553
0.002485357540330374	0.00046827804429106434
0.0024849256005987836	0.00046814581013652514
0.0024844941584936117	0.0004680143016278077
0.0024840632131554003	0.00046788351652204865
0.0024836327637266682	0.0004677534525838219
0.00248320280935191	0.000467624107585113
0.0024827733491775816	0.0004674954793052882
0.002482344382352104	0.0004673675655310699
0.0024819159080258515	0.00046724036405650684
0.00248148792535115	0.0004671138726829478
0.0024810604334822677	0.0004669880892190139
0.0024806334315754137	0.00046686301148057184
0.002480206918788726	0.00046673863729070514
0.0024797808942822763	0.00046661496447968965
0.0024793553572180532	0.00046649199088496493
0.0024789303067599654	0.0004663697143511082
0.0024785057420738284	0.0004662481327298065
0.0024780816623273675	0.00046612724387983223
0.002477658066690206	0.0004660070456670148
0.0024772349543338633	0.00046588753596421605
0.002476812324431746	0.0004657687126513017
0.002476390176159147	0.00046565057361511815
0.0024759685086932375	0.00046553311674946406
0.002475547321213059	0.00046541633995506515
0.0024752834821191775	0.0004653435037642561
0.002475076849138046	0.00046528674869078
0.002474870450967121	0.0004652303249414849
0.0024746642872063834	0.00046517423149762717
0.0024744583574567254	0.00046511846734380725
0.0024742526613199425	0.00046506303146795545
0.002474047198398734	0.0004650079228613219
0.0024738419682967007	0.0004649531405184629
0.002473636970618338	0.00046489868343722776
0.0024734322049690407	0.0004648445506187502
0.0024732276709550924	0.000464790741067431
0.00247302336818367	0.0004647372537909305
0.002472819296262837	0.0004646840878001539
0.002472615454801541	0.00046463124210924
0.002472411843409615	0.00046457871573555025
0.0024722084616977708	0.00046452650769965493
0.0024720053092775964	0.0004644746170253227
0.0024718023857615585	0.00046442304273950903
0.0024715996907629925	0.0004643717838723419
0.0024713972238961076	0.00046432083945711444
0.00247119498477598	0.0004642702085302696
0.0024709929730185503	0.00046421989013139
0.0024707911882406236	0.0004641698833031866
0.002470589630059865	0.00046412018709148645
0.0024703882980947967	0.000464070800545221
0.002470187191964799	0.0004640217227164168
0.0024699863112901043	0.00046397295266018164
0.002469785655691795	0.0004639244894346939
0.002469585224791805	0.0004638763321011928
0.002469385018212911	0.00046382847972396515
0.0024691850355787366	0.00046378093137033536
0.002468985276513745	0.00046373368611065345
0.002468785740643239	0.0004636867430182851
0.0024685864275933596	0.00046364010116960023
0.0024683873369910803	0.00046359375964396117
0.002468188468464208	0.00046354771752371213
0.0024679898216413794	0.00046350197389416985
0.0024677913961520578	0.00046345652784361
0.002467593191626532	0.00046341137846325834
0.0024673952076959154	0.00046336652484727984
0.002467197443992141	0.00046332196609276703
0.0024669999001479593	0.0004632777012997299
0.0024668025757969376	0.00046323372957108525
0.002466605470573457	0.00046319005001264587
0.002466408584112711	0.00046314666173311074
0.0024662119160507013	0.0004631035638440536
0.0024660154660242368	0.0004630607554599125
0.002465819233670932	0.0004630182356979807
0.0024656232186292034	0.00046297600367839454
0.0024654274205382675	0.000462934058524124
0.002465231839038141	0.00046289239936096315
0.002465036473769634	0.00046285102531751785
0.0024648413243743513	0.0004628099355251976
0.0024646463904946913	0.00046276912911820503
0.0024644516717738383	0.00046272860523352403
0.002464257167855766	0.00046268836301091234
0.0024640628783852325	0.000462648401592889
0.00246386880300778	0.0004626087201247262
0.0024636749413697295	0.0004625693177544386
0.002463481293118183	0.00046253019363277345
0.0024632878579010165	0.0004624913469132005
0.0024630946353668805	0.0004624527767519021
0.002462901625165201	0.00046241448230776525
0.0024627088269461696	0.0004623764627423682
0.0024625162403607483	0.00046233871721997413
0.0024623238650606652	0.00046230124490751997
0.002462131700698411	0.0004622640449746068
0.0024619397469272386	0.0004622271165934909
0.0024617480034011606	0.0004621904589390733
0.0024615564697749474	0.0004621540711888907
0.002461365145704123	0.00046211795252310613
0.0024611740308449676	0.00046208210212449966
0.0024609831248545108	0.00046204651917845823
0.0024607924273905317	0.00046201120287296747
0.002460601938111557	0.0004619761523986008
0.002460411656676859	0.00046194136694851183
0.0024602215827464503	0.00046190684571842345
0.0024600317159810888	0.0004618725879066206
0.00245984205604227	0.0004618385927139398
0.002459652602592225	0.0004618048593437591
0.0024594633552939204	0.0004617713870019909
0.002459274313811057	0.00046173817489707214
0.0024590854778080667	0.00046170522223995514
0.0024588968469501098	0.0004616725282440989
0.0024587084209030732	0.00046164009212545904
0.0024585201993335705	0.00046160791310248094
0.0024583321819089373	0.00046157599039608886
0.0024581443682972293	0.00046154432322967765
0.002457956758167225	0.0004615129108291057
0.002457769351188417	0.0004614817524226833
0.002457582147031014	0.00046145084724116527
0.0024520079753577785	0.00046053727609529475
0.002446209351499723	0.0004595935683491698
0.0024404169930375163	0.00045865765001805854
0.002434630889822029	0.00045772949752393485
0.0024288510317260403	0.0004568090873633165
0.0024230774086441793	0.00045589639610700035
0.002417310010492864	0.00045499140039979743
0.0024115488272102473	0.0004540940769602721
0.002405793848756152	0.00045320440258047917
0.002400045065112018	0.00045232235412570354
0.0023943024662808413	0.000451447908534201
0.002388566042287118	0.00045058104281694
0.0023828357831767837	0.00044972173405734305
0.0023771116790171592	0.00044886995941103165
0.0023713937198968898	0.0004480256961055704
0.0023656818959258913	0.00044718892144021216
0.0023599761972352903	0.0004463596127856456
0.0023542766139773696	0.00044553774758374217
0.0023485831363255095	0.0004447233033473051
0.0023428957544741336	0.0004439162576598191
0.0023372144586386507	0.00044311658817520094
0.002331539239055397	0.0004423242726175504
0.002325870085981586	0.00044153928878090486
0.0023202069896952476	0.00044076161452899086
0.0023145499404951726	0.0004399912277949794
0.0023088989287008608	0.0004392281065812427
0.002303253944652463	0.0004384722289591087
0.0022976149787107265	0.0004377235730686202
0.0022919820212569412	0.0004369821171182931
0.002283810146056184	0.00043591670295845133
0.002270651402393813	0.00043421450522677376
0.002257506657394912	0.00043252901053892864
0.0022443758887330657	0.0004308601685164117
0.0022312590741293075	0.0004292079289382219
0.002218156191352001	0.00042757224174030765
0.0022050672182167084	0.0004259530570150174
0.0021919921325860687	0.00042435032501055286
0.0021789309123696715	0.0004227639961304222
0.0021658592475246384	0.000421191110158904
0.0021523891319284254	0.0004195855293460428
0.002136778335796222	0.00041774215528481384
0.002120886119157056	0.0004158834618712224
0.0021045985656453704	0.00041399667066449976
0.0020883282294206942	0.0004121300740436302
0.002072075083197313	0.0004102836111765006
0.002055839099747134	0.0004084572214203214
0.00203962025189954	0.00040665084432096757
0.0020234185125412385	0.0004048644196123208
0.002007233854616102	0.0004030978872156138
0.0019910662511250297	0.00040135118723877964
0.0019749156751257845	0.0003996242599758002
0.001958782099732854	0.00039791704590606055
0.001942665498117297	0.0003962294856937042
0.0019265658435065943	0.0003945615201869903
0.0019104831091844977	0.0003929130904176536
0.0018944172684908919	0.00039128413760026987
0.001878368294821636	0.00038967460313161844
0.0018623361616284242	0.00038808442859005203
0.0018463208424186336	0.0003865135557348662
0.0018303223107551839	0.0003849619265056725
0.0018143405402563915	0.0003834294830217745
0.0017983755045958168	0.00038191616758154407
0.0017824271775021294	0.0003804219226618024
0.0017646391850028088	0.00037877494350533106
0.001746558884539393	0.00037712053434232955
0.0017284974767619369	0.00037548759549816074
0.0017104549320735428	0.0003738760624272626
0.0016924312209391041	0.0003722858707833221
0.0016739790550886807	0.0003706780439865226
0.0016553972362963727	0.000369079084323144
0.0016373509978709453	0.0003675457649446101
0.0016194902517078934	0.00036604767430651843
0.001601648100803731	0.0003645705033451858
0.0015838245161336007	0.00036311418920486547
0.001566019468733017	0.000361678669223347
0.0015482329296977156	0.0003602638809312908
0.0015304648701834895	0.00035886976205156486
0.0015127152614060394	0.0003574962504985831
0.0014949840746408109	0.0003561432843776474
0.0014771305659392257	0.000354800272291753
0.0014588993650342143	0.00035344840989535596
0.0014406870565653747	0.00035211752604669784
0.0014224936111814322	0.0003508075577534475
0.0014043189995918848	0.0003495184422166014
0.0013861631925668363	0.0003482501168298196
0.001368026160936849	0.00034700251917876563
0.0013499078755927856	0.000345775587040449
0.0013318083074856475	0.00034456925838257085
0.0013137274276264254	0.0003433834713628695
0.0012956652070859455	0.00034221816432847236
0.0012776216169947052	0.0003410732758152477
0.001259596628542735	0.0003399487445471599
0.0012415902129794328	0.000338844509435626
0.0012236023416134154	0.0003377605095788769
0.0012056329858123654	0.00033669668426131925
0.00118768211700288	0.0003356529729528998
0.0011697497066703198	0.00033462931530847337
0.0011518357263586557	0.00033362565116717285
0.001133940147670323	0.00033264192055177993
0.0011160629422660637	0.00033167806366810146
0.0010982040818647845	0.0003307340209043447
0.0010803635382434045	0.0003298097328304981
0.0010625412832367049	0.0003289051401977127
0.001044115768296838	0.0003279894320709325
0.001025236271187129	0.00032707083684545626
0.001006376098025332	0.00032617296070200363
0.0009875352191583296	0.0003252957415109173
0.0009687136049936451	0.0003244391173315992
0.0009499112259992879	0.00032360302641186797
0.0009311280527035965	0.0003227874071873218
0.0009123640556950875	0.00032199219828070056
0.0008936192056223024	0.00032121733850125236
0.0008741988000519742	0.00032043491512193827
0.0008543553590309941	0.00031965594488684603
0.0008345321354741222	0.00031889836684160833
0.0008147290984992824	0.00031816211686162366
0.0007949462172872674	0.00031744713101680873
0.0007751834610815718	0.00031675334557094016
0.000755440799188235	0.000316080696981
0.0007357182009756865	0.00031542912189652303
0.0007160156358745751	0.0003147985571589476
0.0006963330733776299	0.00031418893980096705
0.0006766704830394821	0.00031360020704588595
0.0006570278344765262	0.0003130322963069772
0.0006385835014720266	0.00031251770711749217
0.0006212838067227365	0.00031205310703460933
0.000604001630651673	0.00031160671786647067
0.0005867369466616542	0.0003111784850447003
0.0005694897282093082	0.0003107683541657675
0.0005522599488049413	0.00031037627099043345
0.0005350475820124041	0.0003100021814431983
0.0005178526014489504	0.0003096460316117516
0.0005006749807851061	0.0003093077677464242
0.00048351469374453544	0.0003089873362596425
0.0004663717141039042	0.00030868468372538386
0.00044924601569274933	0.00030839975687863626
0.0004321375723933443	0.0003081325026148569
0.00041504635814056405	0.00030788286798943525
0.00039797234692175897	0.0003076508002171585
0.00038102181341569867	0.0003074375497096987
0.0003642718062851723	0.0003072438084976883
0.0003475386333326671	0.0003070671807723439
0.0003308222691927703	0.00030690761526732557
0.00031412268855100686	0.00030676506087037685
0.00029743986614370476	0.0003066394666228104
0.00028077377675787547	0.00030653078171899456
0.00026412439523107884	0.00030643895550584266
0.00024749169645130393	0.00030636393748230384
0.00023087565535683555	0.00030630567729885637
0.00021427624693613612	0.00030626412475700236
0.00019769344622771342	0.00030623922980876347
