0.00820903136412675	0.0015218658378289573
0.00820903136412675	0.0015218658378289573
0.008209031364126748	0.0015218658378289565
0.00820903136412675	0.0015218658378289573
0.00820903136412675	0.0015218658378289573
0.00820903136412675	0.0015218658378289573
0.00820903136412675	0.0015218658378289573
0.00820903136412675	0.0015218658378289573
0.008209031364126748	0.0015218658378289565
0.00820903136412675	0.0015218658378289573
0.00820903136412675	0.0015218658378289573
0.00820903136412675	0.0015218658378289573
0.008209031364126748	0.0015218658378289569
0.00820903136412675	0.0015218658378289573
0.00820903136412675	0.0015218658378289573
0.00820903136412675	0.0015218658378289573
0.00820903136412675	0.0015218658378289573
0.008209031364126752	0.0015218658378289582
0.008209031364126752	0.0015218658378289582
0.00820903136412675	0.0015218658378289573
0.008209031364126752	0.0015218658378289582
0.00820903136412675	0.0015218658378289573
0.00820903136412675	0.0015218658378289573
0.00820903136412675	0.0015218658378289573
0.00820903136412675	0.0015218658378289573
0.00820903136412675	0.0015218658378289573
0.00820903136412675	0.0015218658378289573
0.00820903136412675	0.0015218658378289573
0.00820903136412675	0.0015218658378289573
0.00820903136412675	0.0015218658378289573
0.00820903136412675	0.0015218658378289573
0.00820903136412675	0.0015218658378289573
0.00820903136412675	0.0015218658378289573
0.00820903136412675	0.0015218658378289573
0.00820903136412675	0.0015218658378289573
0.00820903136412675	0.0015218658378289573
0.00820903136412675	0.0015218658378289573
0.008209031364126752	0.0015218658378289582
0.008209031364126748	0.0015218658378289569
0.00820903136412675	0.0015218658378289573
0.00820903136412675	0.0015218658378289573
0.00820903136412675	0.0015218658378289573
0.008209031364126752	0.0015218658378289582
0.00820903136412675	0.0015218658378289573
0.008209031364126752	0.0015218658378289582
0.00820903136412675	0.0015218658378289573
0.00820903136412675	0.0015218658378289573
0.008209031364126752	0.0015218658378289582
0.00820903136412675	0.0015218658378289573
0.008209031364126752	0.0015218658378289582
0.00820903136412675	0.0015218658378289573
0.008209031364126752	0.0015218658378289582
0.00820903136412675	0.0015218658378289573
0.00820903136412675	0.0015218658378289573
0.008209031364126748	0.0015218658378289569
0.008209031364126752	0.0015218658378289582
0.008209031364126752	0.0015218658378289582
0.00820903136412675	0.0015218658378289573
0.00820903136412675	0.0015218658378289573
0.008209031364126752	0.0015218658378289582
0.00820903136412675	0.0015218658378289573
0.008209031364126748	0.0015218658378289569
0.00820903136412675	0.0015218658378289573
0.00820903136412675	0.0015218658378289573
0.008209031364126748	0.0015218658378289569
0.00820903136412675	0.0015218658378289573
0.008209031364126748	0.0015218658378289569
0.00820903136412675	0.0015218658378289573
0.008209031364126752	0.0015218658378289582
0.008209031364126752	0.0015218658378289582
0.00820903136412675	0.0015218658378289573
0.00820903136412675	0.0015218658378289573
0.00820903136412675	0.0015218658378289573
0.00820903136412675	0.0015218658378289573
0.00820903136412675	0.0015218658378289573
0.00820903136412675	0.0015218658378289573
0.00820903136412675	0.0015218658378289573
0.008209031364126748	0.0015218658378289569
0.008209031364126752	0.0015218658378289582
0.00820903136412675	0.0015218658378289573
0.00820903136412675	0.0015218658378289573
0.008209031364126752	0.0015218658378289582
0.008209031364126752	0.0015218658378289582
0.008209031364126752	0.0015218658378289582
0.00820903136412675	0.0015218658378289573
0.008209031364126752	0.0015218658378289582
0.008209031364126752	0.0015218658378289582
0.008209031364126752	0.0015218658378289582
0.00820903136412675	0.0015218658378289573
0.00820903136412675	0.0015218658378289573
0.00820903136412675	0.0015218658378289573
0.008209031364126752	0.0015218658378289582
0.00820903136412675	0.0015218658378289573
0.00820903136412675	0.0015218658378289573
0.00820903136412675	0.0015218658378289573
0.00820903136412675	0.0015218658378289573
0.00820903136412675	0.0015218658378289573
0.00820903136412675	0.0015218658378289573
0.00820903136412675	0.0015218658378289573
0.00820903136412675	0.0015218658378289573
0.00820903136412675	0.0015218658378289573
0.008209031364126752	0.0015218658378289582
0.00820903136412675	0.0015218658378289573
0.00820903136412675	0.0015218658378289573
0.00820903136412675	0.0015218658378289573
0.00820903136412675	0.0015218658378289573
0.00820903136412675	0.0015218658378289573
0.00820903136412675	0.0015218658378289573
0.00820903136412675	0.0015218658378289573
0.00820903136412675	0.0015218658378289573
0.00820903136412675	0.0015218658378289573
0.00820903136412675	0.0015218658378289573
0.00820903136412675	0.0015218658378289573
0.00820903136412675	0.0015218658378289573
0.00820903136412675	0.0015218658378289573
0.00820903136412675	0.0015218658378289573
0.00820903136412675	0.0015218658378289573
0.00820903136412675	0.0015218658378289573
0.008209031364126752	0.0015218658378289582
0.00820903136412675	0.0015218658378289573
0.00820903136412675	0.0015218658378289573
0.00820903136412675	0.0015218658378289573
0.008209031364126752	0.0015218658378289582
0.008209031364126752	0.0015218658378289582
0.00820903136412675	0.0015218658378289573
0.008209031364126748	0.0015218658378289565
0.00820903136412675	0.0015218658378289573
0.00820903136412675	0.0015218658378289573
0.00820903136412675	0.0015218658378289573
0.00820903136412675	0.0015218658378289573
0.00820903136412675	0.0015218658378289573
0.00820903136412675	0.0015218658378289573
0.00820903136412675	0.0015218658378289573
0.008209031364126752	0.0015218658378289582
0.00820903136412675	0.0015218658378289573
0.00820903136412675	0.0015218658378289573
0.00820903136412675	0.0015218658378289573
0.00820903136412675	0.0015218658378289573
0.00820903136412675	0.0015218658378289573
0.008209031364126752	0.0015218658378289582
0.00820903136412675	0.0015218658378289573
0.00820903136412675	0.0015218658378289573
0.00820903136412675	0.0015218658378289573
0.00820903136412675	0.0015218658378289573
0.00820903136412675	0.0015218658378289573
0.00820903136412675	0.0015218658378289573
0.008209031364126752	0.0015218658378289582
0.008209031364126752	0.0015218658378289582
0.008209031364126752	0.0015218658378289582
0.00820903136412675	0.0015218658378289573
0.00820903136412675	0.0015218658378289573
0.00820903136412675	0.0015218658378289573
0.008209031364126748	0.0015218658378289569
0.00820903136412675	0.0015218658378289573
0.008209031364126752	0.0015218658378289582
0.008209031364126752	0.0015218658378289582
0.00820903136412675	0.0015218658378289573
0.00820903136412675	0.0015218658378289573
0.00820903136412675	0.0015218658378289573
0.008209031364126752	0.0015218658378289582
0.00820903136412675	0.0015218658378289573
0.00820903136412675	0.0015218658378289573
0.00820903136412675	0.0015218658378289573
0.00820903136412675	0.0015218658378289573
0.00820903136412675	0.0015218658378289573
0.00820903136412675	0.0015218658378289573
0.00820903136412675	0.0015218658378289573
0.00820903136412675	0.0015218658378289573
0.008209031364126752	0.0015218658378289582
0.008209031364126752	0.0015218658378289582
0.00820903136412675	0.0015218658378289573
0.008209031364126752	0.0015218658378289582
0.00820903136412675	0.0015218658378289573
0.00820903136412675	0.0015218658378289573
0.008209031364126752	0.0015218658378289582
0.008209031364126752	0.0015218658378289582
0.008209031364126752	0.0015218658378289582
0.00820903136412675	0.0015218658378289573
0.008209031364126748	0.0015218658378289569
0.008209031364126752	0.0015218658378289582
0.00820903136412675	0.0015218658378289573
0.00820903136412675	0.0015218658378289573
0.00820903136412675	0.0015218658378289573
0.00820903136412675	0.0015218658378289573
0.00820903136412675	0.0015218658378289573
0.008209031364126752	0.0015218658378289582
0.00820903136412675	0.0015218658378289573
0.00820903136412675	0.0015218658378289573
0.008209031364126752	0.0015218658378289582
0.00820903136412675	0.0015218658378289573
0.00820903136412675	0.0015218658378289573
0.008209031364126748	0.0015218658378289569
0.00820903136412675	0.0015218658378289573
0.00820903136412675	0.0015218658378289573
0.00820903136412675	0.0015218658378289573
0.00820903136412675	0.0015218658378289573
0.008209031364126752	0.0015218658378289582
0.00820903136412675	0.0015218658378289573
0.008209031364126752	0.0015218658378289582
0.008209031364126752	0.0015218658378289582
0.00820903136412675	0.0015218658378289573
0.008209031364126752	0.0015218658378289582
0.00820903136412675	0.0015218658378289573
0.008209031364126748	0.0015218658378289569
0.008209031364126752	0.0015218658378289582
0.00820903136412675	0.0015218658378289573
0.00820903136412675	0.0015218658378289573
0.00820903136412675	0.0015218658378289573
0.00820903136412675	0.0015218658378289573
0.00820903136412675	0.0015218658378289573
0.00820903136412675	0.0015218658378289573
0.00820903136412675	0.0015218658378289573
0.00820903136412675	0.0015218658378289573
0.00820903136412675	0.0015218658378289573
0.00820903136412675	0.0015218658378289573
0.008209031364126752	0.0015218658378289582
0.008209031364126748	0.0015218658378289569
0.008209031364126752	0.0015218658378289582
0.00820903136412675	0.0015218658378289573
0.008209031364126748	0.0015218658378289569
0.008209031364126752	0.0015218658378289582
0.008209031364126748	0.0015218658378289569
0.00820903136412675	0.0015218658378289573
0.008209031364126752	0.0015218658378289582
0.008209031364126752	0.0015218658378289582
0.00820903136412675	0.0015218658378289573
0.00820903136412675	0.0015218658378289573
0.00820903136412675	0.0015218658378289573
0.00820903136412675	0.0015218658378289573
0.008209031364126748	0.0015218658378289569
0.00820903136412675	0.0015218658378289573
0.008209031364126752	0.0015218658378289582
0.00820903136412675	0.0015218658378289573
0.00820903136412675	0.0015218658378289573
0.00820903136412675	0.0015218658378289573
0.00820903136412675	0.0015218658378289573
0.008209031364126752	0.0015218658378289582
0.00820903136412675	0.0015218658378289573
0.00820903136412675	0.0015218658378289573
0.00820903136412675	0.0015218658378289573
0.00820903136412675	0.0015218658378289573
0.00820903136412675	0.0015218658378289573
0.00820903136412675	0.0015218658378289573
0.008209031364126752	0.0015218658378289582
0.008209031364126748	0.0015218658378289569
0.00820903136412675	0.0015218658378289573
0.008209031364126752	0.0015218658378289582
0.008209031364126748	0.0015218658378289569
0.00820903136412675	0.0015218658378289573
0.008209031364126752	0.0015218658378289582
0.008209031364126748	0.0015218658378289569
0.00820903136412675	0.0015218658378289573
0.00820903136412675	0.0015218658378289573
0.00820903136412675	0.0015218658378289573
0.00820903136412675	0.0015218658378289573
0.00820903136412675	0.0015218658378289573
0.008209031364126748	0.0015218658378289569
0.00820903136412675	0.0015218658378289573
0.00820903136412675	0.0015218658378289573
0.00820903136412675	0.0015218658378289573
0.00820903136412675	0.0015218658378289573
0.008209031364126748	0.0015218658378289569
0.008209031364126748	0.0015218658378289569
0.00820903136412675	0.0015218658378289573
0.008209031364126748	0.0015218658378289569
0.00820903136412675	0.0015218658378289573
0.008209031364126748	0.0015218658378289569
0.00820903136412675	0.0015218658378289573
0.00820903136412675	0.0015218658378289573
0.008209031364126752	0.0015218658378289582
0.00820903136412675	0.0015218658378289573
0.008209031364126752	0.0015218658378289582
0.008209031364126752	0.0015218658378289582
0.00820903136412675	0.0015218658378289573
0.00820903136412675	0.0015218658378289573
0.008209031364126752	0.0015218658378289582
0.008209031364126752	0.0015218658378289582
0.00820903136412675	0.0015218658378289573
0.00820903136412675	0.0015218658378289573
0.00820903136412675	0.0015218658378289573
0.00820903136412675	0.0015218658378289573
0.008209031364126752	0.0015218658378289582
0.008209031364126748	0.0015218658378289569
0.008209031364126748	0.0015218658378289569
0.00820903136412675	0.0015218658378289573
0.008209031364126752	0.0015218658378289582
0.00820903136412675	0.0015218658378289573
0.00820903136412675	0.0015218658378289573
0.00820903136412675	0.0015218658378289573
0.00820903136412675	0.0015218658378289573
0.00820903136412675	0.0015218658378289573
0.008209031364126752	0.0015218658378289582
0.00820903136412675	0.0015218658378289573
0.00820903136412675	0.0015218658378289573
0.00820903136412675	0.0015218658378289573
0.008209031364126752	0.0015218658378289582
0.00820903136412675	0.0015218658378289573
0.008209031364126748	0.0015218658378289569
0.008209031364126752	0.0015218658378289582
0.00820903136412675	0.0015218658378289573
0.00820903136412675	0.0015218658378289573
0.008209031364126752	0.0015218658378289582
0.00820903136412675	0.0015218658378289573
0.008209031364126748	0.0015218658378289569
0.00820903136412675	0.0015218658378289573
0.00820903136412675	0.0015218658378289573
0.00820903136412675	0.0015218658378289573
0.00820903136412675	0.0015218658378289573
0.008209031364126748	0.0015218658378289569
0.00820903136412675	0.0015218658378289573
0.00820903136412675	0.0015218658378289573
0.008209031364126752	0.0015218658378289582
0.008209031364126752	0.0015218658378289582
0.00820903136412675	0.0015218658378289573
0.00820903136412675	0.0015218658378289573
0.00820903136412675	0.0015218658378289573
0.00820903136412675	0.0015218658378289573
0.00820903136412675	0.0015218658378289573
0.00820903136412675	0.0015218658378289573
0.008209031364126752	0.0015218658378289582
0.00820903136412675	0.0015218658378289573
0.00820903136412675	0.0015218658378289573
0.00820903136412675	0.0015218658378289573
0.00820903136412675	0.0015218658378289573
0.008209031364126752	0.0015218658378289582
0.00820903136412675	0.0015218658378289573
0.00820903136412675	0.0015218658378289573
0.00820903136412675	0.0015218658378289573
0.008209031364126752	0.0015218658378289582
0.00820903136412675	0.0015218658378289573
0.00820903136412675	0.0015218658378289573
0.00820903136412675	0.0015218658378289573
0.008209031364126752	0.0015218658378289582
0.00820903136412675	0.0015218658378289573
0.00820903136412675	0.0015218658378289573
0.00820903136412675	0.0015218658378289573
0.00820903136412675	0.0015218658378289573
0.008209031364126752	0.0015218658378289582
0.00820903136412675	0.0015218658378289573
0.00820903136412675	0.0015218658378289573
0.008209031364126752	0.0015218658378289582
0.008209031364126752	0.0015218658378289582
0.00820903136412675	0.0015218658378289573
0.00820903136412675	0.0015218658378289573
0.008209031364126752	0.0015218658378289582
0.00820903136412675	0.0015218658378289573
0.00820903136412675	0.0015218658378289573
0.00820903136412675	0.0015218658378289573
0.008209031364126752	0.0015218658378289582
0.00820903136412675	0.0015218658378289573
0.00820903136412675	0.0015218658378289573
0.00820903136412675	0.0015218658378289573
0.00820903136412675	0.0015218658378289573
0.008209031364126752	0.0015218658378289582
0.00820903136412675	0.0015218658378289573
0.00820903136412675	0.0015218658378289573
0.00820903136412675	0.0015218658378289573
0.00820903136412675	0.0015218658378289573
0.00820903136412675	0.0015218658378289573
0.00820903136412675	0.0015218658378289573
0.00820903136412675	0.0015218658378289573
0.008209031364126752	0.0015218658378289582
0.00820903136412675	0.0015218658378289573
0.00820903136412675	0.0015218658378289573
0.008209031364126752	0.0015218658378289582
0.00820903136412675	0.0015218658378289573
0.00820903136412675	0.0015218658378289573
0.008209031364126748	0.0015218658378289565
0.00820903136412675	0.0015218658378289573
0.00820903136412675	0.0015218658378289573
0.00820903136412675	0.0015218658378289573
0.00820903136412675	0.0015218658378289573
0.00820903136412675	0.0015218658378289573
0.00820903136412675	0.0015218658378289573
0.00820903136412675	0.0015218658378289573
0.00820903136412675	0.0015218658378289573
0.00820903136412675	0.0015218658378289573
0.00820903136412675	0.0015218658378289573
0.00820903136412675	0.0015218658378289573
0.00820903136412675	0.0015218658378289573
0.00820903136412675	0.0015218658378289573
0.008209031364126752	0.0015218658378289582
0.00820903136412675	0.0015218658378289573
0.00820903136412675	0.0015218658378289573
0.00820903136412675	0.0015218658378289573
0.00820903136412675	0.0015218658378289573
0.008209031364126752	0.0015218658378289582
0.00820903136412675	0.0015218658378289573
0.00820903136412675	0.0015218658378289573
0.008209031364126752	0.0015218658378289582
0.00820903136412675	0.0015218658378289573
0.008209031364126748	0.0015218658378289565
0.00820903136412675	0.0015218658378289573
0.00820903136412675	0.0015218658378289573
0.00820903136412675	0.0015218658378289573
0.008209031364126752	0.0015218658378289582
0.00820903136412675	0.0015218658378289573
0.00820903136412675	0.0015218658378289573
0.00820903136412675	0.0015218658378289573
0.00820903136412675	0.0015218658378289573
0.00820903136412675	0.0015218658378289573
0.00820903136412675	0.0015218658378289573
0.00820903136412675	0.0015218658378289573
0.00820903136412675	0.0015218658378289573
0.008209031364126752	0.0015218658378289582
0.008209031364126752	0.0015218658378289582
0.00820903136412675	0.0015218658378289573
0.008209031364126752	0.0015218658378289582
0.00820903136412675	0.0015218658378289573
0.00820903136412675	0.0015218658378289573
0.00820903136412675	0.0015218658378289573
0.00820903136412675	0.0015218658378289573
0.00820903136412675	0.0015218658378289573
0.008209031364126752	0.0015218658378289582
0.008209031364126748	0.0015218658378289565
0.00820903136412675	0.0015218658378289573
0.00820903136412675	0.0015218658378289573
0.00820903136412675	0.0015218658378289573
0.008209031364126752	0.0015218658378289582
0.00820903136412675	0.0015218658378289573
0.00820903136412675	0.0015218658378289573
0.008209031364126748	0.0015218658378289565
0.00820903136412675	0.0015218658378289573
0.00820903136412675	0.0015218658378289573
0.00820903136412675	0.0015218658378289573
0.00820903136412675	0.0015218658378289573
0.008209031364126752	0.0015218658378289582
0.00820903136412675	0.0015218658378289573
0.00820903136412675	0.0015218658378289573
0.00820903136412675	0.0015218658378289573
0.008209031364126752	0.0015218658378289582
0.008209031364126752	0.0015218658378289582
0.00820903136412675	0.0015218658378289573
0.008209031364126752	0.0015218658378289582
0.008209031364126748	0.0015218658378289565
0.00820903136412675	0.0015218658378289573
0.00820903136412675	0.0015218658378289573
0.00820903136412675	0.0015218658378289573
0.00820903136412675	0.0015218658378289573
0.008209031364126748	0.0015218658378289565
0.00820903136412675	0.0015218658378289573
0.00820903136412675	0.0015218658378289573
0.00820903136412675	0.0015218658378289573
0.00820903136412675	0.0015218658378289573
0.00820903136412675	0.0015218658378289573
0.00820903136412675	0.0015218658378289573
0.00820903136412675	0.0015218658378289573
0.00820903136412675	0.0015218658378289573
0.00820903136412675	0.0015218658378289573
0.00820903136412675	0.0015218658378289573
0.008209031364126752	0.0015218658378289582
0.008209031364126748	0.0015218658378289565
0.00820903136412675	0.0015218658378289573
0.00820903136412675	0.0015218658378289573
0.00820903136412675	0.0015218658378289573
0.00820903136412675	0.0015218658378289573
0.00820903136412675	0.0015218658378289573
0.00820903136412675	0.0015218658378289573
0.00820903136412675	0.0015218658378289573
0.008209031364126752	0.0015218658378289582
0.00820903136412675	0.0015218658378289573
0.00820903136412675	0.0015218658378289573
0.00820903136412675	0.0015218658378289573
0.00820903136412675	0.0015218658378289573
0.00820903136412675	0.0015218658378289573
0.00820903136412675	0.0015218658378289573
0.00820903136412675	0.0015218658378289573
0.00820903136412675	0.0015218658378289573
0.00820903136412675	0.0015218658378289573
0.00820903136412675	0.0015218658378289573
0.00820903136412675	0.0015218658378289573
0.00820903136412675	0.0015218658378289573
0.008209031364126752	0.0015218658378289582
0.008209031364126748	0.0015218658378289565
0.00820903136412675	0.0015218658378289573
0.00820903136412675	0.0015218658378289573
0.00820903136412675	0.0015218658378289573
0.00820903136412675	0.0015218658378289573
0.00820903136412675	0.0015218658378289573
0.00820903136412675	0.0015218658378289573
0.00820903136412675	0.0015218658378289573
0.00820903136412675	0.0015218658378289573
0.00820903136412675	0.0015218658378289573
0.00820903136412675	0.0015218658378289573
0.00820903136412675	0.0015218658378289573
0.00820903136412675	0.0015218658378289573
0.008209031364126752	0.0015218658378289582
0.00820903136412675	0.0015218658378289573
0.008209031364126752	0.0015218658378289582
0.00820903136412675	0.0015218658378289573
0.00820903136412675	0.0015218658378289573
0.00820903136412675	0.0015218658378289573
0.008209031364126752	0.0015218658378289582
0.00820903136412675	0.0015218658378289573
0.00820903136412675	0.0015218658378289573
0.008209031364126752	0.0015218658378289582
0.00820903136412675	0.0015218658378289573
0.00820903136412675	0.0015218658378289573
0.008209031364126752	0.0015218658378289582
0.008209031364126752	0.0015218658378289582
0.008209031364126748	0.0015218658378289565
0.008209031364126752	0.0015218658378289582
0.00820903136412675	0.0015218658378289573
0.00820903136412675	0.0015218658378289573
0.00820903136412675	0.0015218658378289573
0.008209031364126752	0.0015218658378289582
0.00820903136412675	0.0015218658378289573
0.00820903136412675	0.0015218658378289573
0.00820903136412675	0.0015218658378289573
0.00820903136412675	0.0015218658378289573
0.00820903136412675	0.0015218658378289573
0.00820903136412675	0.0015218658378289573
0.00820903136412675	0.0015218658378289573
0.00820903136412675	0.0015218658378289573
0.00820903136412675	0.0015218658378289573
0.00820903136412675	0.0015218658378289573
0.00820903136412675	0.0015218658378289573
0.008209031364126752	0.0015218658378289582
0.00820903136412675	0.0015218658378289573
0.00820903136412675	0.0015218658378289573
0.00820903136412675	0.0015218658378289573
0.00820903136412675	0.0015218658378289573
0.00820903136412675	0.0015218658378289573
0.00820903136412675	0.0015218658378289573
0.00820903136412675	0.0015218658378289573
0.00820903136412675	0.0015218658378289573
0.008209031364126748	0.0015218658378289565
0.00820903136412675	0.0015218658378289573
0.00820903136412675	0.0015218658378289573
0.00820903136412675	0.0015218658378289573
0.00820903136412675	0.0015218658378289573
0.00820903136412675	0.0015218658378289573
0.008209031364126752	0.0015218658378289582
0.00820903136412675	0.0015218658378289573
0.00820903136412675	0.0015218658378289573
0.00820903136412675	0.0015218658378289573
0.00820903136412675	0.0015218658378289573
0.00820903136412675	0.0015218658378289573
0.00820903136412675	0.0015218658378289573
0.00820903136412675	0.0015218658378289573
0.00820903136412675	0.0015218658378289573
0.00820903136412675	0.0015218658378289573
0.00820903136412675	0.0015218658378289573
0.008209031364126752	0.0015218658378289582
0.00820903136412675	0.0015218658378289573
0.00820903136412675	0.0015218658378289573
0.00820903136412675	0.0015218658378289573
0.00820903136412675	0.0015218658378289573
0.00820903136412675	0.0015218658378289573
0.008209031364126752	0.0015218658378289582
0.00820903136412675	0.0015218658378289573
0.00820903136412675	0.0015218658378289573
0.00820903136412675	0.0015218658378289573
0.00820903136412675	0.0015218658378289573
0.008209031364126752	0.0015218658378289582
0.00820903136412675	0.0015218658378289573
0.008209031364126752	0.0015218658378289582
0.00820903136412675	0.0015218658378289573
0.00820903136412675	0.0015218658378289573
0.008209031364126752	0.0015218658378289582
0.00820903136412675	0.0015218658378289573
0.00820903136412675	0.0015218658378289573
0.008209031364126748	0.0015218658378289565
0.00820903136412675	0.0015218658378289573
0.00820903136412675	0.0015218658378289573
0.00820903136412675	0.0015218658378289573
0.00820903136412675	0.0015218658378289573
0.00820903136412675	0.0015218658378289573
0.00820903136412675	0.0015218658378289573
0.00820903136412675	0.0015218658378289573
0.00820903136412675	0.0015218658378289573
0.00820903136412675	0.0015218658378289573
0.00820903136412675	0.0015218658378289573
0.008209031364126752	0.0015218658378289582
0.00820903136412675	0.0015218658378289573
0.00820903136412675	0.0015218658378289573
0.00820903136412675	0.0015218658378289573
0.00820903136412675	0.0015218658378289573
0.00820903136412675	0.0015218658378289573
0.00820903136412675	0.0015218658378289573
0.00820903136412675	0.0015218658378289573
0.00820903136412675	0.0015218658378289573
0.00820903136412675	0.0015218658378289573
0.00820903136412675	0.0015218658378289573
0.008209031364126752	0.0015218658378289582
0.008209031364126748	0.0015218658378289569
0.00820903136412675	0.0015218658378289573
0.008209031364126752	0.0015218658378289582
0.008209031364126752	0.0015218658378289582
0.00820903136412675	0.0015218658378289573
0.00820903136412675	0.0015218658378289573
0.00820903136412675	0.0015218658378289573
0.008209031364126752	0.0015218658378289582
0.008209031364126752	0.0015218658378289582
0.00820903136412675	0.0015218658378289573
0.00820903136412675	0.0015218658378289573
0.00820903136412675	0.0015218658378289573
0.008209031364126752	0.0015218658378289582
0.00820903136412675	0.0015218658378289573
0.00820903136412675	0.0015218658378289573
0.00820903136412675	0.0015218658378289573
0.00820903136412675	0.0015218658378289573
0.008209031364126752	0.0015218658378289582
0.00820903136412675	0.0015218658378289573
0.00820903136412675	0.0015218658378289573
0.00820903136412675	0.0015218658378289573
0.00820903136412675	0.0015218658378289573
0.00820903136412675	0.0015218658378289573
0.008209031364126748	0.0015218658378289569
0.00820903136412675	0.0015218658378289573
0.00820903136412675	0.0015218658378289573
0.00820903136412675	0.0015218658378289573
0.00820903136412675	0.0015218658378289573
0.00820903136412675	0.0015218658378289573
0.00820903136412675	0.0015218658378289573
0.008209031364126748	0.0015218658378289569
0.008209031364126752	0.0015218658378289582
0.008209031364126748	0.0015218658378289569
0.00820903136412675	0.0015218658378289573
0.008209031364126752	0.0015218658378289582
0.008209031364126752	0.0015218658378289582
0.00820903136412675	0.0015218658378289573
0.00820903136412675	0.0015218658378289573
0.008209031364126752	0.0015218658378289582
0.00820903136412675	0.0015218658378289573
0.00820903136412675	0.0015218658378289573
0.00820903136412675	0.0015218658378289573
0.00820903136412675	0.0015218658378289573
0.00820903136412675	0.0015218658378289573
0.00820903136412675	0.0015218658378289573
0.00820903136412675	0.0015218658378289573
0.00820903136412675	0.0015218658378289573
0.00820903136412675	0.0015218658378289573
0.00820903136412675	0.0015218658378289573
0.008209031364126748	0.0015218658378289569
0.00820903136412675	0.0015218658378289573
0.008209031364126752	0.0015218658378289582
0.00820903136412675	0.0015218658378289573
0.00820903136412675	0.0015218658378289573
0.00820903136412675	0.0015218658378289573
0.00820903136412675	0.0015218658378289573
0.00820903136412675	0.0015218658378289573
0.00820903136412675	0.0015218658378289573
0.00820903136412675	0.0015218658378289573
0.00820903136412675	0.0015218658378289573
0.00820903136412675	0.0015218658378289573
0.008209031364126748	0.0015218658378289569
0.00820903136412675	0.0015218658378289573
0.00820903136412675	0.0015218658378289573
0.008209031364126752	0.0015218658378289582
0.00820903136412675	0.0015218658378289573
0.00820903136412675	0.0015218658378289573
0.00820903136412675	0.0015218658378289573
0.00820903136412675	0.0015218658378289573
0.00820903136412675	0.0015218658378289573
0.00820903136412675	0.0015218658378289573
0.00820903136412675	0.0015218658378289573
0.00820903136412675	0.0015218658378289573
0.00820903136412675	0.0015218658378289573
0.00820903136412675	0.0015218658378289573
0.00820903136412675	0.0015218658378289573
0.00820903136412675	0.0015218658378289573
0.00820903136412675	0.0015218658378289573
0.00820903136412675	0.0015218658378289573
0.00820903136412675	0.0015218658378289573
0.008209031364126752	0.0015218658378289582
0.00820903136412675	0.0015218658378289573
0.00820903136412675	0.0015218658378289573
0.00820903136412675	0.0015218658378289573
0.008209031364126748	0.0015218658378289569
0.008209031364126748	0.0015218658378289569
0.00820903136412675	0.0015218658378289573
0.008209031364126752	0.0015218658378289582
0.00820903136412675	0.0015218658378289573
0.008209031364126752	0.0015218658378289582
0.00820903136412675	0.0015218658378289573
0.008209031364126752	0.0015218658378289582
0.00820903136412675	0.0015218658378289573
0.00820903136412675	0.0015218658378289573
0.008209031364126752	0.0015218658378289582
0.00820903136412675	0.0015218658378289573
0.00820903136412675	0.0015218658378289573
0.00820903136412675	0.0015218658378289573
0.00820903136412675	0.0015218658378289573
0.008209031364126752	0.0015218658378289582
0.00820903136412675	0.0015218658378289573
0.008209031364126752	0.0015218658378289582
0.00820903136412675	0.0015218658378289573
0.00820903136412675	0.0015218658378289573
0.00820903136412675	0.0015218658378289573
0.008209031364126748	0.0015218658378289569
0.008209031364126752	0.0015218658378289582
0.00820903136412675	0.0015218658378289573
0.00820903136412675	0.0015218658378289573
0.008209031364126752	0.0015218658378289582
0.00820903136412675	0.0015218658378289573
0.008209031364126752	0.0015218658378289582
0.00820903136412675	0.0015218658378289573
0.008209031364126752	0.0015218658378289582
0.00820903136412675	0.0015218658378289573
0.008209031364126752	0.0015218658378289582
0.008209031364126748	0.0015218658378289569
0.00820903136412675	0.0015218658378289573
0.008209031364126748	0.0015218658378289569
0.008209031364126752	0.0015218658378289582
0.008209031364126748	0.0015218658378289569
0.00820903136412675	0.0015218658378289573
0.00820903136412675	0.0015218658378289573
0.00820903136412675	0.0015218658378289573
0.008209031364126748	0.0015218658378289569
0.00820903136412675	0.0015218658378289573
0.00820903136412675	0.0015218658378289573
0.008209031364126748	0.0015218658378289569
0.008209031364126748	0.0015218658378289569
0.00820903136412675	0.0015218658378289573
0.00820903136412675	0.0015218658378289573
0.008209031364126752	0.0015218658378289582
0.00820903136412675	0.0015218658378289573
0.00820903136412675	0.0015218658378289573
0.008209031364126752	0.0015218658378289582
0.00820903136412675	0.0015218658378289573
0.008209031364126752	0.0015218658378289582
0.00820903136412675	0.0015218658378289573
0.00820903136412675	0.0015218658378289573
0.00820903136412675	0.0015218658378289573
0.00820903136412675	0.0015218658378289573
0.00820903136412675	0.0015218658378289573
0.00820903136412675	0.0015218658378289573
0.00820903136412675	0.0015218658378289573
0.00820903136412675	0.0015218658378289573
0.00820903136412675	0.0015218658378289573
0.00820903136412675	0.0015218658378289573
0.00820903136412675	0.0015218658378289573
0.00820903136412675	0.0015218658378289573
0.008209031364126752	0.0015218658378289582
0.008209031364126752	0.0015218658378289582
0.00820903136412675	0.0015218658378289573
0.008209031364126752	0.0015218658378289582
0.00820903136412675	0.0015218658378289573
0.00820903136412675	0.0015218658378289573
0.008209031364126752	0.0015218658378289582
0.00820903136412675	0.0015218658378289573
0.00820903136412675	0.0015218658378289573
0.00820903136412675	0.0015218658378289573
0.00820903136412675	0.0015218658378289573
0.008209031364126752	0.0015218658378289582
0.008209031364126748	0.0015218658378289569
0.00820903136412675	0.0015218658378289573
0.00820903136412675	0.0015218658378289573
0.008209031364126752	0.0015218658378289582
0.00820903136412675	0.0015218658378289573
0.00820903136412675	0.0015218658378289573
0.008209031364126752	0.0015218658378289582
0.008209031364126752	0.0015218658378289582
0.00820903136412675	0.0015218658378289573
0.008209031364126748	0.0015218658378289569
0.00820903136412675	0.0015218658378289573
0.00820903136412675	0.0015218658378289573
0.008209031364126748	0.0015218658378289569
0.00820903136412675	0.0015218658378289573
0.00820903136412675	0.0015218658378289573
0.00820903136412675	0.0015218658378289573
0.00820903136412675	0.0015218658378289573
0.008209031364126752	0.0015218658378289582
0.008209031364126748	0.0015218658378289569
0.008209031364126752	0.0015218658378289582
0.00820903136412675	0.0015218658378289573
0.00820903136412675	0.0015218658378289573
0.00820903136412675	0.0015218658378289573
0.008209031364126748	0.0015218658378289569
0.008209031364126752	0.0015218658378289582
0.00820903136412675	0.0015218658378289573
0.00820903136412675	0.0015218658378289573
0.00820903136412675	0.0015218658378289573
0.00820903136412675	0.0015218658378289573
0.008209031364126752	0.0015218658378289582
0.00820903136412675	0.0015218658378289573
0.00820903136412675	0.0015218658378289573
0.00820903136412675	0.0015218658378289573
0.008209031364126748	0.0015218658378289569
0.00820903136412675	0.0015218658378289573
0.00820903136412675	0.0015218658378289573
0.00820903136412675	0.0015218658378289573
0.008209031364126752	0.0015218658378289582
0.008209031364126752	0.0015218658378289582
0.008209031364126752	0.0015218658378289582
0.008209031364126752	0.0015218658378289582
0.008209031364126752	0.0015218658378289582
0.00820903136412675	0.0015218658378289573
0.00820903136412675	0.0015218658378289573
0.00820903136412675	0.0015218658378289573
0.00820903136412675	0.0015218658378289573
0.008209031364126752	0.0015218658378289582
0.008209031364126752	0.0015218658378289582
0.00820903136412675	0.0015218658378289573
0.00820903136412675	0.0015218658378289573
0.008209031364126752	0.0015218658378289582
0.00820903136412675	0.0015218658378289573
0.00820903136412675	0.0015218658378289573
0.00820903136412675	0.0015218658378289573
0.00820903136412675	0.0015218658378289573
0.008209031364126752	0.0015218658378289582
0.008209031364126748	0.0015218658378289569
0.00820903136412675	0.0015218658378289573
0.008209031364126752	0.0015218658378289582
0.00820903136412675	0.0015218658378289573
0.00820903136412675	0.0015218658378289573
0.008209031364126748	0.0015218658378289569
0.00820903136412675	0.0015218658378289573
0.00820903136412675	0.0015218658378289573
0.008209031364126748	0.0015218658378289569
0.00820903136412675	0.0015218658378289573
0.008209031364126748	0.0015218658378289569
0.00820903136412675	0.0015218658378289573
0.00820903136412675	0.0015218658378289573
0.00820903136412675	0.0015218658378289573
0.008209031364126752	0.0015218658378289582
0.00820903136412675	0.0015218658378289573
0.00820903136412675	0.0015218658378289573
0.008209031364126752	0.0015218658378289582
0.00820903136412675	0.0015218658378289573
0.00820903136412675	0.0015218658378289573
0.00820903136412675	0.0015218658378289573
0.00820903136412675	0.0015218658378289573
0.00820903136412675	0.0015218658378289573
0.00820903136412675	0.0015218658378289573
0.00820903136412675	0.0015218658378289573
0.00820903136412675	0.0015218658378289573
0.00820903136412675	0.0015218658378289573
0.00820903136412675	0.0015218658378289573
0.008209031364126752	0.0015218658378289582
0.008209031364126752	0.0015218658378289582
0.00820903136412675	0.0015218658378289573
0.00820903136412675	0.0015218658378289573
0.00820903136412675	0.0015218658378289573
0.008209031364126748	0.0015218658378289569
0.00820903136412675	0.0015218658378289573
0.008209031364126752	0.0015218658378289582
0.00820903136412675	0.0015218658378289573
0.00820903136412675	0.0015218658378289573
0.00820903136412675	0.0015218658378289573
0.00820903136412675	0.0015218658378289573
0.008209031364126748	0.0015218658378289569
0.00820903136412675	0.0015218658378289573
0.00820903136412675	0.0015218658378289573
0.00820903136412675	0.0015218658378289573
0.00820903136412675	0.0015218658378289573
0.00820903136412675	0.0015218658378289573
0.00820903136412675	0.0015218658378289573
0.00820903136412675	0.0015218658378289573
0.00820903136412675	0.0015218658378289573
0.008209031364126752	0.0015218658378289582
0.00820903136412675	0.0015218658378289573
0.008209031364126752	0.0015218658378289582
0.008209031364126752	0.0015218658378289582
0.008209031364126748	0.0015218658378289569
0.00820903136412675	0.0015218658378289573
0.00820903136412675	0.0015218658378289573
0.00820903136412675	0.0015218658378289573
0.008209031364126748	0.0015218658378289569
0.008209031364126752	0.0015218658378289582
0.00820903136412675	0.0015218658378289573
0.00820903136412675	0.0015218658378289573
0.00820903136412675	0.0015218658378289573
0.008209031364126748	0.0015218658378289569
0.00820903136412675	0.0015218658378289573
0.00820903136412675	0.0015218658378289573
0.008209031364126748	0.0015218658378289569
0.008209031364126752	0.0015218658378289582
0.00820903136412675	0.0015218658378289573
0.00820903136412675	0.0015218658378289573
0.00820903136412675	0.0015218658378289573
0.00820903136412675	0.0015218658378289573
0.00820903136412675	0.0015218658378289573
0.00820903136412675	0.0015218658378289573
0.00820903136412675	0.0015218658378289573
0.008209031364126748	0.0015218658378289569
0.00820903136412675	0.0015218658378289573
0.00820903136412675	0.0015218658378289573
0.00820903136412675	0.0015218658378289573
0.008209031364126752	0.0015218658378289582
0.008209031364126752	0.0015218658378289582
0.00820903136412675	0.0015218658378289573
0.008209031364126748	0.0015218658378289569
0.008209031364126748	0.0015218658378289569
0.008209031364126752	0.0015218658378289582
0.00820903136412675	0.0015218658378289573
0.008209031364126752	0.0015218658378289582
0.00820903136412675	0.0015218658378289573
0.008209031364126752	0.0015218658378289582
0.00820903136412675	0.0015218658378289573
0.00820903136412675	0.0015218658378289573
0.008209031364126752	0.0015218658378289582
0.008209031364126752	0.0015218658378289582
0.008209031364126752	0.0015218658378289582
0.008209031364126752	0.0015218658378289582
0.008209031364126752	0.0015218658378289582
0.008209031364126748	0.0015218658378289569
0.00820903136412675	0.0015218658378289573
0.00820903136412675	0.0015218658378289573
0.00820903136412675	0.0015218658378289573
0.008209031364126752	0.0015218658378289582
0.00820903136412675	0.0015218658378289573
0.008209031364126752	0.0015218658378289582
0.00820903136412675	0.0015218658378289573
0.00820903136412675	0.0015218658378289573
0.008209031364126748	0.0015218658378289569
0.008209031364126752	0.0015218658378289582
0.00820903136412675	0.0015218658378289573
0.00820903136412675	0.0015218658378289573
0.008209031364126748	0.0015218658378289569
0.008209031364126752	0.0015218658378289582
0.00820903136412675	0.0015218658378289573
0.008209031364126752	0.0015218658378289582
0.008209031364126748	0.0015218658378289569
0.008209031364126748	0.0015218658378289569
0.008209031364126748	0.0015218658378289569
0.00820903136412675	0.0015218658378289573
0.008209031364126748	0.0015218658378289569
0.008209031364126752	0.0015218658378289582
0.00820903136412675	0.0015218658378289573
0.00820903136412675	0.0015218658378289573
0.00820903136412675	0.0015218658378289573
0.00820903136412675	0.0015218658378289573
0.008209031364126752	0.0015218658378289582
0.00820903136412675	0.0015218658378289573
0.00820903136412675	0.0015218658378289573
0.008209031364126748	0.0015218658378289569
0.00820903136412675	0.0015218658378289573
0.008209031364126752	0.0015218658378289582
0.00820903136412675	0.0015218658378289573
0.008209031364126748	0.0015218658378289569
0.00820903136412675	0.0015218658378289573
0.00820903136412675	0.0015218658378289573
0.008209031364126752	0.0015218658378289582
0.00820903136412675	0.0015218658378289573
0.00820903136412675	0.0015218658378289573
0.00820903136412675	0.0015218658378289573
0.008209031364126748	0.0015218658378289569
0.00820903136412675	0.0015218658378289573
0.00820903136412675	0.0015218658378289573
0.008209031364126752	0.0015218658378289582
0.00820903136412675	0.0015218658378289573
0.008209031364126752	0.0015218658378289582
0.008209031364126752	0.0015218658378289582
0.00820903136412675	0.0015218658378289573
0.008209031364126752	0.0015218658378289582
0.00820903136412675	0.0015218658378289573
0.00820903136412675	0.0015218658378289573
0.00820903136412675	0.0015218658378289573
0.00820903136412675	0.0015218658378289573
0.00820903136412675	0.0015218658378289573
0.00820903136412675	0.0015218658378289573
0.00820903136412675	0.0015218658378289573
0.00820903136412675	0.0015218658378289573
0.008209031364126748	0.0015218658378289569
0.00820903136412675	0.0015218658378289573
0.00820903136412675	0.0015218658378289573
0.00820903136412675	0.0015218658378289573
0.00820903136412675	0.0015218658378289573
0.00820903136412675	0.0015218658378289573
0.00820903136412675	0.0015218658378289573
0.00820903136412675	0.0015218658378289573
0.00820903136412675	0.0015218658378289573
0.00820903136412675	0.0015218658378289573
0.00820903136412675	0.0015218658378289573
0.00820903136412675	0.0015218658378289573
0.00820903136412675	0.0015218658378289573
0.00820903136412675	0.0015218658378289573
0.00820903136412675	0.0015218658378289573
0.00820903136412675	0.0015218658378289573
0.008209031364126752	0.0015218658378289582
0.008209031364126752	0.0015218658378289582
0.00820903136412675	0.0015218658378289573
0.00820903136412675	0.0015218658378289573
0.00820903136412675	0.0015218658378289573
0.008209031364126748	0.0015218658378289569
0.008209031364126752	0.0015218658378289582
0.00820903136412675	0.0015218658378289573
0.008209031364126752	0.0015218658378289582
0.00820903136412675	0.0015218658378289573
0.00820903136412675	0.0015218658378289573
0.008209031364126752	0.0015218658378289582
0.00820903136412675	0.0015218658378289573
0.008209031364126752	0.0015218658378289582
0.008209031364126748	0.0015218658378289569
0.008209031364126748	0.0015218658378289569
0.00820903136412675	0.0015218658378289573
0.008209031364126748	0.0015218658378289569
0.008209031364126748	0.0015218658378289569
0.008209031364126752	0.0015218658378289582
0.00820903136412675	0.0015218658378289573
0.00820903136412675	0.0015218658378289573
0.008209031364126752	0.0015218658378289582
0.00820903136412675	0.0015218658378289573
0.00820903136412675	0.0015218658378289573
0.008209031364126752	0.0015218658378289582
0.00820903136412675	0.0015218658378289573
0.008209031364126748	0.0015218658378289569
0.008209031364126752	0.0015218658378289582
0.008209031364126748	0.0015218658378289569
0.008209031364126748	0.0015218658378289569
0.00820903136412675	0.0015218658378289573
0.008209031364126752	0.0015218658378289582
0.008209031364126748	0.0015218658378289569
0.00820903136412675	0.0015218658378289573
0.00820903136412675	0.0015218658378289573
0.008209031364126752	0.0015218658378289582
0.008209031364126752	0.0015218658378289582
0.008209031364126748	0.0015218658378289569
0.00820903136412675	0.0015218658378289573
0.00820903136412675	0.0015218658378289573
0.00820903136412675	0.0015218658378289573
0.008209031364126752	0.0015218658378289582
0.00820903136412675	0.0015218658378289573
0.00820903136412675	0.0015218658378289573
0.008209031364126752	0.0015218658378289582
0.008209031364126752	0.0015218658378289582
0.008209031364126748	0.0015218658378289569
0.008209031364126752	0.0015218658378289582
0.00820903136412675	0.0015218658378289573
0.00820903136412675	0.0015218658378289573
0.008209031364126752	0.0015218658378289582
0.008209031364126752	0.0015218658378289582
0.008209031364126748	0.0015218658378289569
0.00820903136412675	0.0015218658378289573
0.008209031364126748	0.0015218658378289569
0.00820903136412675	0.0015218658378289573
0.00820903136412675	0.0015218658378289573
0.008209031364126752	0.0015218658378289582
0.008209031364126752	0.0015218658378289582
0.008209031364126752	0.0015218658378289582
0.008209031364126752	0.0015218658378289582
0.008209031364126748	0.0015218658378289569
0.008209031364126748	0.0015218658378289569
0.008209031364126748	0.0015218658378289569
0.00820903136412675	0.0015218658378289573
0.00820903136412675	0.0015218658378289573
0.00820903136412675	0.0015218658378289573
0.00820903136412675	0.0015218658378289573
0.00820903136412675	0.0015218658378289573
0.008209031364126748	0.0015218658378289569
0.00820903136412675	0.0015218658378289573
0.00820903136412675	0.0015218658378289573
0.00820903136412675	0.0015218658378289573
0.00820903136412675	0.0015218658378289573
0.00820903136412675	0.0015218658378289573
0.008209031364126752	0.0015218658378289582
0.008209031364126752	0.0015218658378289582
0.008209031364126748	0.0015218658378289569
0.00820903136412675	0.0015218658378289573
0.00820903136412675	0.0015218658378289573
0.008209031364126748	0.0015218658378289569
0.00820903136412675	0.0015218658378289573
0.00820903136412675	0.0015218658378289573
0.00820903136412675	0.0015218658378289573
0.00820903136412675	0.0015218658378289573
0.00820903136412675	0.0015218658378289573
0.00820903136412675	0.0015218658378289573
0.00820903136412675	0.0015218658378289573
0.00820903136412675	0.0015218658378289573
0.008209031364126752	0.0015218658378289582
0.00820903136412675	0.0015218658378289573
0.00820903136412675	0.0015218658378289573
0.008209031364126748	0.0015218658378289569
0.00820903136412675	0.0015218658378289573
0.00820903136412675	0.0015218658378289573
0.00820903136412675	0.0015218658378289573
0.008209031364126748	0.0015218658378289569
0.00820903136412675	0.0015218658378289573
0.008209031364126752	0.0015218658378289582
0.008209031364126752	0.0015218658378289582
0.00820903136412675	0.0015218658378289573
0.00820903136412675	0.0015218658378289573
0.00820903136412675	0.0015218658378289573
0.00820903136412675	0.0015218658378289573
0.00820903136412675	0.0015218658378289573
0.008209031364126748	0.0015218658378289569
0.00820903136412675	0.0015218658378289573
0.008209031364126752	0.0015218658378289582
0.00820903136412675	0.0015218658378289573
0.008209031364126748	0.0015218658378289569
0.00820903136412675	0.0015218658378289573
0.00820903136412675	0.0015218658378289573
0.008209031364126752	0.0015218658378289582
0.008209031364126748	0.0015218658378289569
0.00820903136412675	0.0015218658378289573
0.00820903136412675	0.0015218658378289573
0.00820903136412675	0.0015218658378289573
0.008209031364126748	0.0015218658378289569
0.008209031364126752	0.0015218658378289582
0.008209031364126748	0.0015218658378289569
0.00820903136412675	0.0015218658378289573
0.00820903136412675	0.0015218658378289573
0.00820903136412675	0.0015218658378289573
0.00820903136412675	0.0015218658378289573
0.00820903136412675	0.0015218658378289573
0.00820903136412675	0.0015218658378289573
0.00820903136412675	0.0015218658378289573
0.00820903136412675	0.0015218658378289573
0.008209031364126752	0.0015218658378289582
0.008209031364126752	0.0015218658378289582
0.00820903136412675	0.0015218658378289573
0.00820903136412675	0.0015218658378289573
0.008209031364126748	0.0015218658378289569
0.00820903136412675	0.0015218658378289573
0.008209031364126748	0.0015218658378289569
0.008209031364126748	0.0015218658378289569
0.00820903136412675	0.0015218658378289573
0.00820903136412675	0.0015218658378289573
0.008209031364126748	0.0015218658378289569
0.00820903136412675	0.0015218658378289573
0.008209031364126748	0.0015218658378289569
0.008209031364126752	0.0015218658378289582
0.00820903136412675	0.0015218658378289573
0.00820903136412675	0.0015218658378289573
0.00820903136412675	0.0015218658378289573
0.00820903136412675	0.0015218658378289573
0.008209031364126752	0.0015218658378289582
0.00820903136412675	0.0015218658378289573
0.008209031364126752	0.0015218658378289582
0.00820903136412675	0.0015218658378289573
0.00820903136412675	0.0015218658378289573
0.00820903136412675	0.0015218658378289573
0.008209031364126752	0.0015218658378289582
0.008209031364126748	0.0015218658378289569
0.00820903136412675	0.0015218658378289573
0.008209031364126752	0.0015218658378289582
0.008209031364126752	0.0015218658378289582
0.00820903136412675	0.0015218658378289573
0.00820903136412675	0.0015218658378289573
0.008209031364126752	0.0015218658378289582
0.00820903136412675	0.0015218658378289573
0.00820903136412675	0.0015218658378289573
0.00820903136412675	0.0015218658378289573
0.008209031364126752	0.0015218658378289582
0.00820903136412675	0.0015218658378289573
0.00820903136412675	0.0015218658378289573
0.008209031364126752	0.0015218658378289582
0.00820903136412675	0.0015218658378289573
0.008209031364126752	0.0015218658378289582
0.00820903136412675	0.0015218658378289573
0.008209031364126748	0.0015218658378289569
0.008209031364126752	0.0015218658378289582
0.008209031364126748	0.0015218658378289569
0.00820903136412675	0.0015218658378289573
0.00820903136412675	0.0015218658378289573
0.00820903136412675	0.0015218658378289573
0.00820903136412675	0.0015218658378289573
0.00820903136412675	0.0015218658378289573
0.00820903136412675	0.0015218658378289573
0.008209031364126752	0.0015218658378289582
0.00820903136412675	0.0015218658378289573
0.008209031364126748	0.0015218658378289569
0.00820903136412675	0.0015218658378289573
0.00820903136412675	0.0015218658378289573
0.00820903136412675	0.0015218658378289573
0.00820903136412675	0.0015218658378289573
0.00820903136412675	0.0015218658378289573
0.00820903136412675	0.0015218658378289573
0.00820903136412675	0.0015218658378289573
0.00820903136412675	0.0015218658378289573
0.008209031364126748	0.0015218658378289569
0.00820903136412675	0.0015218658378289573
0.008209031364126748	0.0015218658378289569
0.00820903136412675	0.0015218658378289573
0.00820903136412675	0.0015218658378289573
0.008209031364126748	0.0015218658378289569
0.00820903136412675	0.0015218658378289573
0.00820903136412675	0.0015218658378289573
0.00820903136412675	0.0015218658378289573
0.00820903136412675	0.0015218658378289573
0.008209031364126752	0.0015218658378289582
0.008209031364126752	0.0015218658378289582
0.00820903136412675	0.0015218658378289573
0.00820903136412675	0.0015218658378289573
0.00820903136412675	0.0015218658378289573
0.008209031364126752	0.0015218658378289582
0.008209031364126748	0.0015218658378289569
0.00820903136412675	0.0015218658378289573
0.00820903136412675	0.0015218658378289573
0.00820903136412675	0.0015218658378289573
0.00820903136412675	0.0015218658378289573
0.00820903136412675	0.0015218658378289573
0.00820903136412675	0.0015218658378289573
0.00820903136412675	0.0015218658378289573
0.00820903136412675	0.0015218658378289573
0.00820903136412675	0.0015218658378289573
0.00820903136412675	0.0015218658378289573
0.00820903136412675	0.0015218658378289573
0.00820903136412675	0.0015218658378289573
0.00820903136412675	0.0015218658378289573
0.00820903136412675	0.0015218658378289573
0.008208581455843906	0.0015212568885276606
0.008207536748147658	0.0015198449788104702
0.008206493788916167	0.0015184383584229517
0.008205452573763662	0.0015170370067634782
0.008204413098319013	0.0015156409033237487
0.008203375358225694	0.0015142500276883032
0.008202339349141701	0.0015128643595340345
0.00820130506673952	0.0015114838786297012
0.008200272506706028	0.0015101085648354423
0.00819924166474248	0.0015087383981023052
0.008198212536564406	0.00150737335847176
0.00819718511790158	0.0015060134260752296
0.008196159404497942	0.0015046585811336146
0.008195135392111563	0.0015033088039568367
0.00819411307651455	0.0015019640749433512
0.00819309245349303	0.0015006243745797107
0.008192073518847064	0.0014992896834400836
0.008191056268390597	0.0014979599821858076
0.008190040697951397	0.0014966352515649315
0.008189026803371009	0.001495315472411762
0.008188014580504683	0.001494000625646423
0.008187004025221335	0.0014926906922743965
0.008185995133403475	0.0014913856533860898
0.008184987900947158	0.0014900854901563852
0.008183982323761928	0.001488790183844212
0.008182978397770758	0.0014874997157920948
0.00818197611891001	0.0014862140674257425
0.008180975483129363	0.0014849332202535967
0.008179976486391766	0.001483657155866414
0.008178979124673373	0.0014823858559368363
0.008177983393963518	0.0014811193022189757
0.008176989290264626	0.0014798574765479784
0.008175996809592183	0.0014786003608396247
0.008175005947974668	0.0014773479370898976
0.008174016701453516	0.0014761001873745817
0.008173029066083049	0.001474857093848845
0.008172043037930435	0.001473618638746831
0.008171058613075629	0.001472384804381258
0.00817007578761133	0.0014711555731430118
0.00816909455764291	0.0014699309275007413
0.008168114919288389	0.0014687108500004676
0.008166515456774603	0.0014667232994888067
0.00816461159073193	0.0014643621652963446
0.008162710805378651	0.0014620098366436602
0.008160813093243399	0.0014596662800955575
0.008158918446878967	0.001457331462363877
0.008157026858862174	0.00145500535030673
0.008155138321793797	0.0014526879109277634
0.008153252828298459	0.001450379111375412
0.008151370371024527	0.0014480789189421606
0.008149490942644035	0.001445787301063816
0.008147614535852584	0.0014435042253187755
0.008145741143369224	0.0014412296594272984
0.008143870757936406	0.0014389635712507935
0.008142003372319837	0.0014367059287910917
0.008140138979308422	0.0014344567001897466
0.008138277571714161	0.0014322158537273199
0.008136419142372049	0.001429983357822673
0.008134563684139997	0.0014277591810322764
0.008132711189898731	0.0014255432920495107
0.008130861652551707	0.0014233356597039728
0.008129015065025013	0.001421136252960788
0.00812717142026728	0.0014189450409199278
0.008125330711249611	0.001416761992815535
0.008123492930965466	0.0014145870780152413
0.008121658072430574	0.0014124202660194911
0.008119826128682874	0.00141026152646089
0.008117997092782391	0.0014081108291035217
0.008116170957811171	0.0014059681438422997
0.008114347716873187	0.001403833440702308
0.008112527363094249	0.0014017066898381458
0.008110709889621924	0.0013995878615332817
0.008108895289625443	0.0013974769261994072
0.008107083556295629	0.0013953738543757946
0.008105274682844783	0.0013932786167286562
0.008103468662506635	0.0013911911840505176
0.00810166548853624	0.0013891115272595797
0.008099865154209893	0.0013870396173990955
0.008098067652825051	0.0013849754256367503
0.008096272977700244	0.0013829189232640261
0.00809448112217501	0.0013808700816956108
0.008092692079609783	0.0013788288724687584
0.008090905843385832	0.0013767952672426999
0.008089122406905184	0.0013747692377980261
0.008087341763590517	0.0013727507560360914
0.008085563906885104	0.0013707397939784092
0.00808378883025273	0.0013687363237660636
0.008082016527177589	0.0013667403176591082
0.008080246991164235	0.0013647517480359851
0.00807848021573749	0.001362770587392937
0.00807671619444235	0.0013607968083434213
0.008074954920843936	0.0013588303836175378
0.008073196388527385	0.0013568712860614447
0.008071440591097793	0.0013549194886367942
0.008069687522180138	0.0013529749644201608
0.008067937175419189	0.0013510376866024752
0.008066189544479432	0.001349107628488455
0.00806444462304501	0.0013471847634960587
0.008062702404819627	0.0013452690651559178
0.008060962883526483	0.0013433605071107905
0.008059226052908191	0.0013414590631150025
0.008057491906726711	0.0013395647070339118
0.008055760438763274	0.0013376774128433578
0.008054031642818297	0.0013357971546291184
0.008052305512711326	0.0013339239065863796
0.008050582042280945	0.0013320576430191926
0.008048861225384712	0.001330198338339945
0.008047143055899089	0.0013283459670688329
0.008045427527719362	0.0013265005038333372
0.008043714634759575	0.001324661923367694
0.008042004370952448	0.0013228302005123772
0.008040296730249322	0.001321005310213585
0.00803859170662007	0.001319187227522721
0.008036889294053036	0.001317375927595886
0.008035189486554966	0.0013155713856933642
0.008033492278150929	0.0013137735771791247
0.008031797662884256	0.001311982477520313
0.008030105634816462	0.0013101980622867513
0.008028416188027186	0.001308420307150444
0.008026729316614113	0.0013066491878850816
0.008025045014692908	0.0013048846803655465
0.008023363276397159	0.0013031267605674284
0.008021684095878282	0.0013013754045665324
0.008020007467305482	0.0012996305885383998
0.008018333384865671	0.0012978922887578231
0.008016661842763406	0.0012961604815983749
0.008014992835220804	0.0012944351435319177
0.008013326356477512	0.0012927162511281486
0.008011662400790607	0.0012910037810541148
0.008010000962434543	0.001289297710073753
0.00800834203570109	0.0012875980150474195
0.008006685614899258	0.001285904672931429
0.008005031694355241	0.001284217660777598
0.008003380268412342	0.001282536955732779
0.008001731331430928	0.0012808625350384164
0.00800008487778834	0.0012791943760300775
0.00799844090187885	0.0012775324561370234
0.007996799398113583	0.0012758767528817392
0.007995160360920467	0.0012742272438795044
0.007993523784744156	0.0012725839068379432
0.00799188966404598	0.0012709467195565862
0.007990257993303874	0.001269315659926429
0.007988628767012316	0.0012676907059295005
0.007987001979682275	0.0012660718356384286
0.007985377625841132	0.0012644590272160032
0.007983755700032635	0.0012628522589147586
0.007982136196816834	0.001261251509076539
0.007980519110770013	0.0012596567561320774
0.007978904436484633	0.0012580679786005698
0.007977292168569274	0.0012564851550892627
0.007975682301648579	0.0012549082642930311
0.007974074830363182	0.0012533372849939646
0.00797246974936966	0.001251772196060955
0.007970867053340464	0.0012502129764492846
0.007969266736963878	0.0012486596052002233
0.00796766879494393	0.0012471120614406144
0.007966073222000367	0.0012455703243824758
0.00796448001286857	0.0012440343733225994
0.007962889162299513	0.0012425041876421455
0.007961300665059703	0.0012409797468062556
0.00795971451593111	0.0012394610303636479
0.007958130709711127	0.0012379480179462276
0.007956549241212502	0.0012364406892686967
0.007954970105263288	0.0012349390241281667
0.007953393296706775	0.001233443002403765
0.007951818810401447	0.0012319526040562583
0.00795024664122093	0.0012304678091276684
0.00794867678405391	0.0012289885977408855
0.007947109233804109	0.001227514950099297
0.007945543985390211	0.0012260468464864091
0.007943981033745813	0.0012245842672654686
0.007942420373819368	0.001223127192879095
0.007940862000574136	0.0012216756038489081
0.007939305908988115	0.0012202294807751577
0.007937752094054017	0.0012187888043363637
0.00793620055077918	0.0012173535552889427
0.007934651274185531	0.001215923714466851
0.007933104259309539	0.0012144992627812225
0.007931559501202145	0.0012130801812200085
0.00793001699492873	0.0012116664508476233
0.007928476735569042	0.0012102580528045904
0.007926938718217152	0.0012088549683071824
0.007925402937981413	0.0012074571786470762
0.007923869389984389	0.001206064665191004
0.007922338069362813	0.0012046774093804006
0.00792080897126754	0.001203295392731063
0.007919282090863483	0.001201918596832802
0.007917757423329579	0.0012005470033491065
0.00791623496385872	0.001199180594016793
0.00791471470765772	0.0011978193506456813
0.007913196649947248	0.0011964632551182425
0.007911680785961791	0.0011951122893892748
0.0079101671109496	0.0011937664354855686
0.007908655620172633	0.0011924256755055716
0.007907146308906519	0.0011910899916190616
0.007905639172440504	0.0011897593660668204
0.00790413420607739	0.0011884337811603023
0.0079026314051335	0.001187113219281314
0.007901130764938636	0.0011857976628816946
0.007899632280836004	0.0011844870944829847
0.007898135948182191	0.0011831814966761164
0.007896641762347108	0.0011818808521210935
0.007895149718713938	0.0011805851435466703
0.007893659812679097	0.0011792943537500458
0.00789217203965218	0.0011780084655965426
0.007890686395055916	0.0011767274620193013
0.007889202874326122	0.0011754513260189682
0.007887721472911656	0.0011741800406633916
0.00788624218627437	0.001172913589087308
0.007884765009889065	0.0011716519544920456
0.007883289939243436	0.0011703951201452142
0.007881816969838048	0.0011691430693804106
0.007880346097186259	0.0011678957855969106
0.007878877316814203	0.0011666532522593806
0.007877410624260728	0.0011654154528975696
0.007875946015077356	0.0011641823711060221
0.007874483484828245	0.0011629539905437859
0.00787302302909012	0.0011617302949341053
0.007871564643452265	0.0011605112680641513
0.007870108323516443	0.0011592968937847157
0.007868654064896882	0.0011580871560099336
0.007867201863220206	0.0011568820387169898
0.007865751714125402	0.0011556815259458368
0.007864303613263787	0.0011544856017989165
0.007862857556298938	0.0011532942504408697
0.007861413538906677	0.001152107456098261
0.007859971556775014	0.0011509252030592995
0.007858531605604098	0.0011497474756735615
0.007857093681106191	0.0011485742583517108
0.007855657779005603	0.0011474055355652265
0.00785422389503868	0.0011462412918461337
0.007852792024953734	0.0011450815117867257
0.007851362164511013	0.0011439261800392944
0.007849934309482658	0.0011427752813158655
0.007848508455652659	0.0011416288003879246
0.00784708459881682	0.0011404867220861572
0.007845662734782714	0.0011393490313001788
0.00784424285936963	0.001138215712978275
0.007842824968408558	0.0011370867521271343
0.00784140905774212	0.0011359621338115928
0.00783999512322456	0.0011348418431543737
0.007838583160721667	0.0011337258653358242
0.007837173166110763	0.0011326141855936627
0.007835765135280654	0.0011315067892227228
0.007834359064131591	0.0011304036615746996
0.007832954948575221	0.0011293047880578915
0.007831552784534568	0.0011282101541369583
0.007830152567943971	0.0011271197453326602
0.00782875429474906	0.0011260335472216153
0.007827357960906707	0.0011249515454360478
0.007825963562384993	0.001123873725663546
0.007824571095163173	0.001122800073646811
0.00782318055523162	0.001121730575183417
0.007821791938591819	0.0011206652161255683
0.007820405241256285	0.0011196039823798522
0.007819020459248564	0.0011185468599070058
0.007817637588603172	0.0011174938347216705
0.0078160515385935	0.001116289254975521
0.007813943512101367	0.0011146920663393305
0.007811838389226989	0.0011131010771609834
0.007809736163975288	0.0011115162663884915
0.007807636830367672	0.00110993761305047
0.007805540382441992	0.0011083650962557794
0.0078034468142524765	0.0011067986951931721
0.007801356119869671	0.0011052383891309414
0.007799268293380396	0.0011036841574165732
0.007797183328887676	0.0011021359794763947
0.007794705007203615	0.0011003006625065134
0.007790852627292204	0.001097454568887584
0.007787005517394356	0.0010946195780144534
0.007783163666703475	0.0010917956523468476
0.007779327064442499	0.001088982754487402
0.007775495699863792	0.0010861808471810314
0.007771669562249041	0.0010833898933143076
0.007767848640909154	0.0010806098559148405
0.007764032925184169	0.0010778406981506643
0.007760222404443158	0.0010750823833296252
0.007756417068084104	0.0010723348748987642
0.007752616905533834	0.0010695981364437191
0.007748821906247897	0.0010668721316881165
0.007745032059710485	0.0010641568244929723
0.007741247355434314	0.00106145217885609
0.007737467782960554	0.0010587581589114735
0.007733693331858706	0.0010560747289287257
0.00772992399172653	0.0010534018533124695
0.007726159752189934	0.0010507394966017547
0.007722400602902878	0.001048087623469474
0.007718646533547291	0.0010454461987217901
0.0077148975338329675	0.001042815187297551
0.007711153593497479	0.0010401945542677202
0.0077074147023060684	0.0010375842648348017
0.007703680850051574	0.0010349842843322711
0.007699952026554324	0.001032394578224013
0.007696228221662051	0.001029815112103756
0.007692509425249794	0.0010272458516945105
0.00768879562721981	0.001024686762848011
0.007685086817501487	0.0010221378115441659
0.007681382986051239	0.0010195989638904972
0.007677684122852437	0.001017070186121599
0.0076739902179152955	0.0010145514445985845
0.007670301261276795	0.0010120427058085456
0.007666617243000598	0.0010095439363640097
0.007662938153176943	0.0010070551030024004
0.0076592639819225705	0.0010045761725855041
0.007655594719380627	0.0010021071120989305
0.0076519303557205836	0.0009996478886515896
0.00764827088113814	0.0009971984694751579
0.007644616285855138	0.0009947588219235515
0.007640966560119481	0.000992328913472408
0.007637321694205045	0.0009899087117185624
0.007633681678411587	0.000987498184379529
0.007630046503064661	0.0009850972992929855
0.007626416158515538	0.0009827060244162625
0.007622790635141115	0.0009803243278258295
0.007619169923343834	0.0009779521777167905
0.007615554013551586	0.0009755895424023732
0.007611942896217645	0.0009732363903134311
0.007608336561820573	0.00097089268999794
0.00760473500086413	0.0009685584101204983
0.007601138203877205	0.0009662335194618352
0.007597546161413729	0.0009639179869183145
0.00759395886405258	0.0009616117815014415
0.0075903763023975205	0.0009593148723373802
0.007586798467077096	0.0009570272286664602
0.007583225348744572	0.0009547488198426973
0.007579656938077832	0.0009524796153333095
0.007576093225779319	0.0009502195847182397
0.007572534202575934	0.0009479686976896758
0.007568979859218973	0.0009457269240515788
0.007565430186484031	0.0009434942337192085
0.007561885175170931	0.0009412705967186527
0.007558344816103651	0.0009390559831863622
0.007554809100130228	0.0009368503633686834
0.007551278018122697	0.0009346537076213937
0.007547751560976997	0.0009324659864092422
0.007544229719612897	0.0009302871703054882
0.007540712484973931	0.0009281172299914487
0.007537199848027306	0.0009259561362560411
0.007533691799763822	0.0009238038599953275
0.007530188331197814	0.0009216603722120726
0.007526689433367049	0.0009195256440152877
0.007523195097332675	0.000917399646619788
0.007519705314179123	0.0009152823513457497
0.007516220075014057	0.0009131737296182693
0.0075127393709682674	0.0009110737529669172
0.00750926319319562	0.0009089823930253087
0.007505791532872969	0.0009068996215306646
0.007502324381200088	0.0009048254103233761
0.007498861729399591	0.0009027597313465779
0.007495403568716865	0.0009007025566457153
0.007491949890419987	0.0008986538583681193
0.007488500685799662	0.0008966136087625807
0.0074850559461691335	0.0008945817801789255
0.007481615662864132	0.0008925583450675969
0.007478179827242783	0.0008905432759792338
0.007474748430685544	0.0008885365455642538
0.007471321464595128	0.0008865381265724382
0.007467898920396445	0.0008845479918525223
0.00746448078953651	0.0008825661143517775
0.007461067063484383	0.0008805924671156071
0.007457657733731101	0.0008786270232871384
0.007454252791789599	0.0008766697561068148
0.0074508522291946416	0.0008747206389119932
0.007447456037502767	0.0008727796451365471
0.007444064208292193	0.000870846748310459
0.007440676733162758	0.0008689219220594273
0.0074372936037358645	0.0008670051401044709
0.007433914811654393	0.0008650963762615327
0.007430540348582629	0.0008631956044410878
0.007427170206206223	0.0008613027986477558
0.00742380437623209	0.0008594179329799084
0.007420442850388359	0.0008575409816292858
0.007417085620424299	0.0008556719188806096
0.0074137326781102564	0.0008538107191112004
0.007410384015237586	0.0008519573567905989
0.007407039623618581	0.0008501118064801822
0.007403699495086404	0.0008482740428327878
0.007400363621495034	0.0008464440405923399
0.007397031994719187	0.0008446217745934724
0.007393704606654247	0.0008428072197611552
0.007390381449216219	0.00084100035111033
0.007387062514341644	0.0008392011437455328
0.007383747793987547	0.0008374095728605341
0.007380437280131359	0.0008356256137379662
0.007377130964770864	0.000833849241748966
0.00737382883992414	0.0008320804323528107
0.0073705308976294666	0.000830319161096554
0.0073672371299452945	0.0008285654036146724
0.007363947528950157	0.000826819135628703
0.007360662086742626	0.000825080332946894
0.007357380795441232	0.0008233489714638452
0.007354103647184411	0.00082162502716016
0.007350830634130435	0.0008199084761020909
0.0073475617484573645	0.0008181992944411962
0.0073442969823629585	0.0008164974584139856
0.00734103632806464	0.0008148029443415807
0.007337779777799423	0.0008131157286293683
0.007334527323823849	0.0008114357877666582
0.007331278958413925	0.0008097630983263409
0.0073280346738650685	0.0008080976369645518
0.007324794462492045	0.0008064393804203298
0.007321558316628897	0.0008047883055152825
0.0073183262286289005	0.0008031443891532526
0.007315098190864495	0.0008015076083199837
0.007311874195727219	0.0007998779400827879
0.007308654235627663	0.0007982553615902184
0.007305438302995398	0.0007966398500717372
0.007302226390278922	0.0007950313828373919
0.007299018489945605	0.0007934299372774887
0.007295814594481614	0.0007918354908622663
0.007292614696391878	0.0007902480211415775
0.007289418788200013	0.0007886675057445656
0.0072862268624482585	0.0007870939223793426
0.007283038911697441	0.0007855272488326773
0.007279854928526898	0.0007839674629696726
0.007276674905534429	0.0007824145427334541
0.007273498835336232	0.0007808684661448538
0.0072703267105668525	0.0007793292113020997
0.007267158523879124	0.0007777967563805039
0.007263994267944109	0.0007762710796321542
0.007260833935451048	0.0007747521593856034
0.007257677519107296	0.0007732399740455664
0.007254525011638273	0.0007717345020926117
0.007251376405787405	0.0007702357220828596
0.007248231694316069	0.000768743612647679
0.0072450908700035345	0.0007672581524933858
0.007241953925646914	0.000765779320400943
0.0072388208540611065	0.0007643070952256653
0.007235691648078733	0.0007628414558969168
0.007232566300550098	0.0007613823814178203
0.0072294448043431275	0.0007599298508649612
0.007226327152343306	0.0007584838433880914
0.007223213337453642	0.0007570443382098449
0.00722010335259459	0.0007556113146254393
0.00721699719070402	0.000754184752002392
0.007213894844737146	0.0007527646297802306
0.007210796307666488	0.0007513509274702085
0.007207701572481807	0.0007499436246550157
0.007204610632190056	0.0007485427009884997
0.007201326654145774	0.0007470592583997489
0.007197986632528513	0.0007455554806711411
0.007194650699065005	0.0007440585474119118
0.007191318846254053	0.0007425684368876235
0.007187991066612793	0.0007410851274393982
0.0071846673526766575	0.0007396085974836215
0.007181347696999295	0.0007381388255116422
0.007178032092152533	0.0007366757900894771
0.007174720530726318	0.0007352194698575157
0.007171413005328651	0.0007337698435302257
0.007168109508585551	0.000732326889895862
0.007164810033140982	0.0007308905878161726
0.007161514571656806	0.0007294609162261115
0.007158223116812733	0.0007280378541335488
0.007154935661306261	0.0007266213806189836
0.007151652197852618	0.000725211474835257
0.007148372719184719	0.0007238081160072684
0.007145097218053108	0.0007224112834316929
0.007141825687225898	0.0007210209564766956
0.007138558119488727	0.0007196371145816551
0.007135294507644701	0.0007182597372568801
0.007132034844514339	0.0007168888040833327
0.007128779122935526	0.0007155242947123508
0.007125527335763455	0.0007141661888653727
0.007122279475870576	0.00071281446633366
0.007119035536146551	0.0007114691069780284
0.0071157955094981835	0.0007101300907285694
0.007112559388849395	0.0007087973975843856
0.007109327167141147	0.0007074710076133164
0.007106098837331404	0.0007061509009516706
0.007102874392395075	0.0007048370578039576
0.007099653825323977	0.0007035294584426248
0.007096437129126762	0.0007022280832077887
0.007093224296828881	0.0007009329125069711
0.007090015321472536	0.000699643926814839
0.007086810196116617	0.0006983611066729402
0.007083608913836666	0.0006970844326894452
0.007080411467724814	0.0006958138855388843
0.007077217850889746	0.0006945494459618945
0.007074028056456631	0.0006932910947649567
0.007070842077567098	0.0006920388128201448
0.007067659907379166	0.0006907925810648682
0.007064481539067205	0.0006895523805016186
0.007061306965821886	0.0006883181921977172
0.007058136180850128	0.0006870899972850645
0.0070549691773750586	0.000685867776959889
0.007051805948635955	0.0006846515124824973
0.007048646487888201	0.0006834411851770273
0.007045490788403242	0.0006822367764312005
0.007042338843468532	0.0006810382676960766
0.007039190646387491	0.0006798456404858074
0.007036046190479452	0.0006786588763773947
0.0070329054690796144	0.0006774779570104456
0.00702976847553901	0.000676302864086934
0.007026635203224429	0.0006751335793709545
0.007023505645518402	0.0006739700846884896
0.0070203797958191365	0.0006728123619271657
0.007017257647540474	0.0006716603930360187
0.0070141391941118455	0.0006705141600252565
0.007011024428978223	0.0006693736449660233
0.007007913345600077	0.0006682388299901665
0.007004805937453331	0.000667109697290002
0.007001702198029307	0.0006659862291180826
0.0069986021208346925	0.0006648684077869665
0.006995505699391485	0.0006637562156689871
0.006992412927236956	0.0006626496351960235
0.006989323797923601	0.0006615486488592724
0.006986238305019087	0.0006604532392090205
0.006983156442106227	0.0006593633888544188
0.006980078202782918	0.0006582790804632563
0.006977003580662104	0.0006572002967617373
0.0069739325693717324	0.0006561270205342556
0.006970865162554705	0.0006550592346231741
0.00696780135386884	0.0006539969219286024
0.006964741136986828	0.0006529400654081771
0.006961684505596182	0.0006518886480768408
0.006958631453399207	0.000650842653006626
0.006955581974112933	0.000649802063326434
0.006952536061469098	0.0006487668622218208
0.006949493709214095	0.000647737032934782
0.00694645491110892	0.0006467125587635343
0.006943419660929147	0.0006456934230623058
0.00694038795246487	0.0006446796092411204
0.006937359779520667	0.0006436711007655868
0.00693433513591556	0.0006426678811566861
0.006931314015482969	0.0006416699339905638
0.0069282964120706714	0.000640677242898318
0.006925282319540763	0.0006396897915657933
0.00692227173176961	0.0006387075637333708
0.006919264642647815	0.0006377305431957644
0.006916261046080164	0.0006367587138018115
0.006913260935985608	0.0006357920594542716
0.006910264306297192	0.0006348305641096199
0.006905198350983589	0.0006332119302723822
0.006900130460330582	0.0006315994853748742
0.006895068438688176	0.0006299957045833274
0.006890012275867114	0.0006284005610627722
0.006884961961701713	0.0006268140280675887
0.006879917486049802	0.0006252360789411703
0.006874878838792635	0.000623666687115585
0.006869846009834839	0.0006221058261112455
0.006864818989104347	0.0006205534695365735
0.006859797766552324	0.0006190095910876706
0.006854782332153095	0.0006174741645479848
0.006849772675904097	0.0006159471637879874
0.006844768787825795	0.0006144285627648418
0.006839770657961622	0.0006129183355220783
0.006834778276377914	0.0006114164561892717
0.006829791633163841	0.0006099228989817171
0.006824810718431348	0.000608437638200109
0.006819835522315081	0.0006069606482302194
0.006814866034972326	0.0006054919035425822
0.006809902246582944	0.0006040313786921716
0.006804944147349312	0.0006025790483180915
0.006799991727496244	0.0006011348871432545
0.006795044977270941	0.0005996988699740729
0.006790103886942922	0.0005982709717001457
0.006785168446803957	0.0005968511672939467
0.006780238647168008	0.0005954394318105157
0.006775314478371163	0.000594035740387151
0.006770395930771575	0.0005926400682431013
0.0067654829947493954	0.0005912523906792612
0.006760575660706718	0.0005898726830778664
0.006754905536433608	0.0005882862168897014
0.006747753219529429	0.000586293915387574
0.006740609044135667	0.0005843131492433545
0.006733472996358968	0.0005823438829662593
0.006726345062337553	0.0005803860811821323
0.006719225228241165	0.0005784397086330158
0.006712113480270951	0.0005765047301767136
0.006705009804659386	0.0005745811107863655
0.0066979141876701825	0.0005726688155500188
0.006690826615598201	0.0005707678096701999
0.0066837470747693585	0.0005688780584634921
0.006676675551540552	0.0005669995273601136
0.00666961203229955	0.0005651321819034942
0.006662556503464931	0.0005632759877498587
0.006655508951485976	0.0005614309106678087
0.006648469362842591	0.0005595969165379076
0.006641437724045218	0.0005577739713522659
0.006634414021634748	0.0005559620412141295
0.00662739824218244	0.0005541610923374711
0.0066203903722898295	0.0005523710910465789
0.00661339039858865	0.0005505920037756525
0.006606398307740735	0.0005488237970683945
0.006599414086437952	0.0005470664375776109
0.006592437721402101	0.000545319892064806
0.006585238372738091	0.0005435266865471756
0.006577907905211473	0.0005417100310292449
0.0065705856695405865	0.0005399046596339944
0.006563099804353703	0.0005380684488829974
0.006555363527847764	0.0005361804922406756
0.006547635924297549	0.000534304375186208
0.006539916979126663	0.0005324400614890325
0.006532206677791355	0.0005305875150362854
0.006524505005780428	0.000528746699832374
0.0065168119486151525	0.0005269175799985453
0.006509127491849164	0.0005251001197724571
0.006501451621068392	0.0005232942835077542
0.006493784321890947	0.000521500035673641
0.006485919199815373	0.0005196694053727171
0.006477241538364603	0.0005176603497505012
0.0064685735510068626	0.0005156643188202086
0.006459915221573759	0.0005136812727986214
0.006451266533932893	0.0005117111720312247
0.0064426274719877885	0.0005097539769917392
0.006433998019677774	0.0005078096482816514
0.006425378160977887	0.0005058781466297492
0.006416767879898778	0.0005039594328916576
0.006408167160486608	0.0005020534680493767
0.00639898073480769	0.0005000292986812574
0.006388310502963365	0.0004976910213649395
0.006377652100644367	0.0004953684511468952
0.006367021179031566	0.0004930649279926686
0.006356465131442987	0.0004907905963669807
0.006345920767360318	0.0004885317133716577
0.006335388067397208	0.0004862882319278343
0.006324867012210177	0.0004840601051081372
0.006314357582498493	0.00048184728613613625
0.0063038597590040464	0.00047964972838579446
0.006293373522511252	0.00047746738538092734
0.00628289885384691	0.00047530021079465734
0.006272435733880102	0.00047314815844887365
0.006261984143522073	0.0004710111823136955
0.006251544063726112	0.00046888923650693557
0.006241115475487442	0.0004667822752935654
0.006230698359843091	0.00046469025308518434
0.006220292697871797	0.000462613124439491
0.006209898470693876	0.0004605508440597543
0.006199515659471124	0.0004585033667942902
0.006189144245406682	0.0004564706476359368
0.006178784209744943	0.0004544526417215352
0.0061684355337714315	0.0004524493043314102
0.006158098198812686	0.0004504605908888528
0.00614777218623615	0.00044848645695960704
0.0061374574774500645	0.00044652685825135745
0.006127154053903352	0.00044458175061321746
0.006116861897085503	0.00044265109003522256
0.006106580988526472	0.0004407348326478239
0.006096311309796562	0.0004388329347213832
0.006086052842506311	0.0004369453526656715
0.006075805568306394	0.00043507204302936934
0.006065569468887503	0.000433212962499568
0.006055344525980239	0.00043136806790127413
0.00604513072135501	0.00042953731619691535
0.006034928036821914	0.00042772066448584827
0.0060247364542306385	0.0004259180700038688
0.00601455595547035	0.0004241294901227244
0.006004386522469582	0.0004223548823496266
0.005994228137196137	0.0004205942043267691
0.005983410234810712	0.00041873218520212295
0.005971912198977806	0.00041676644046707953
0.005960426633899596	0.00041481635354053325
0.005948953519298436	0.00041288187698144073
0.005937492834940616	0.0004109629634991603
0.005926044560636241	0.000409059565952915
0.005914608676239124	0.0004071716373512609
0.005903185161646652	0.00040529913085155314
0.005891773996799688	0.00040344199975941907
0.005880375161682433	0.0004016001975282273
0.005868988636322323	0.0003997736777585658
0.0058576144007899105	0.00039796239419771784
0.005846252435198742	0.00039616630073913974
0.0058345310028650775	0.0003943270933819999
0.005822643648714904	0.0003924755984738145
0.005810769097315567	0.00039063988627509934
0.005798907327995236	0.00038881990905077323
0.00578705832012657	0.00038701561921632036
0.005775222053126581	0.0003852269693372552
0.00576339850645652	0.0003834539121285919
0.005751510576611404	0.00038168496983544153
0.0057389958171128585	0.0003798371510597102
0.005726494485467847	0.0003780057224903252
0.005714006560076612	0.0003761906345990572
0.005701532019385688	0.00037439183801347346
0.005689070841887793	0.00037260928351638776
0.005676623006121693	0.00037084292204531236
0.0056641884906720895	0.00036909270469191225
0.005651767274169492	0.00036735858270146236
0.005639359335290092	0.00036564050747230493
0.00562696465275565	0.0003639384305553121
0.005614583205333362	0.00036225230365334664
0.005602214971835755	0.0003605820786207293
0.005589859931120542	0.0003589277074627038
0.005577518062090527	0.0003572891423349081
0.005565189343693472	0.00035566633554284484
0.0055528252590417845	0.0003540529363063759
0.005539964071918413	0.0003523892300962849
0.005527116566909001	0.00035074184922680146
0.005514282722191998	0.00034911074445862276
0.005501462515992229	0.00034749586670638675
0.005488655926580776	0.0003458971670381321
0.005475862932274855	0.0003443145966747612
0.005463083511437695	0.000342748106989505
0.005450317642478409	0.0003411976495073891
0.0054364676582530445	0.0003395311148346919
0.005422600692262392	0.0003378780969590836
0.005408748408077981	0.00033624237376226067
0.00539491078239535	0.000334623893131553
0.005381087791959343	0.00033302260311666196
0.005367279413563966	0.0003314384519290909
0.005353485624052263	0.0003298713879415828
0.005339706400316177	0.00032832135968755623
0.005325941719296436	0.000326788315860546
0.005312191557982412	0.0003252722053136458
0.005298455893411998	0.00032377297705895095
0.005284734702671478	0.00032229058026700603
0.005271027962895404	0.00032082496426625315
0.005257335651266462	0.00031937607854248286
0.005243657745015352	0.00031794387273828713
0.00522999422142066	0.0003165282966525136
0.005216345057808722	0.000315129300239724
0.005202710231553523	0.00031374683360965304
0.005189089720076543	0.00031238084702666925
0.005175483500846654	0.00031103129090924
0.005161891551379984	0.0003096981158293955
0.005145877531149779	0.0003081451671231101
0.005129495816873948	0.0003065743742438749
0.005113131256225635	0.0003050231880875648
0.005096783822276064	0.0003034915496914835
0.0050804534881527955	0.0003019794002752168
0.005064140227039592	0.00030048668124000325
0.005047765123489413	0.00029900622545874644
0.005031311279246783	0.00029753659273241246
0.00501487461020691	0.0002960864222560627
0.004998455089491543	0.0002946556555303473
0.004982052690278489	0.00029324423423636914
0.004965667385801454	0.0002918521002350599
0.004949299149349918	0.00029047919556656143
0.00493294795426897	0.0002891254624496073
0.004916613773959179	0.0002877908432809079
0.00490029658187644	0.00028647528063453835
0.00488399635153183	0.0002851787172613267
0.004867713056491476	0.00028390109608824736
0.004851446670376401	0.000282642360217815
0.004835028783073435	0.00028138968902213985
0.004816347672817994	0.00027998436294418447
0.004795716662712624	0.0002784549580856924
0.004771745329494453	0.00027670374441333306
0.004746050937486623	0.0002748536913786113
0.004720383144228281	0.00027303308845002335
0.004694741908438393	0.0002712418472093611
0.0046691271889212965	0.00026947987950958044
0.00464353894456649	0.0002677470974738737
0.004617794311998512	0.00026603127183959295
0.004591930166326249	0.000264335039772756
0.0045660927122387895	0.0002626681036985591
0.004540281908439198	0.0002610303756944412
0.004514497713715687	0.000259421768106907
0.004488205380217073	0.00025780962277919384
0.004460108720369822	0.00025611643882041346
0.004432040981428229	0.00025445476704857834
0.004400139737100189	0.0002526002948504289
0.004367471637523799	0.0002507354618893221
0.004334837112561567	0.00024890705179267543
0.004302236110480654	0.00024711495529789216
0.004269622838308063	0.00024535661933841623
0.004235449692192965	0.0002435502878185058
0.004201066866675896	0.00024176897239196885
0.004166719287520197	0.00024002561460438336
0.004132406900556256	0.0002383201006175616
0.004098129651725406	0.0002366523169400879
0.004063887487079644	0.00023502215042614066
0.004029153419777043	0.0002334051581387436
0.003992974086428302	0.00023175853572543858
0.003956831727359938	0.00023015138280910874
0.0039207262859208575	0.00022858358104926472
0.003884657705575641	0.00022705501246514628
0.0038486259299042465	0.00022556555943450304
0.003812630902601715	0.0002241151046923809
0.003776672567477882	0.0002227035313299119
0.0037481189835766606	0.00022161111980814493
0.003722908925605395	0.00022067384414177423
0.0036977245267262124	0.00021976363856980474
0.0036725657477848536	0.0002188804219534754
0.003644655446489515	0.00021792971601096553
0.0036155889558053956	0.00021696965494903407
0.0035855673243571752	0.0002160088367987785
0.0035600512178396225	0.0002152177112358435
0.003529711518401087	0.00021430982249910513
0.003498216567569996	0.00021339923649839077
0.003466753542690078	0.00021252193639445576
0.0034353641392423475	0.0002116789232346213
0.003404739989745137	0.00021088791818046608
0.003374146836350657	0.00021012908631232722
0.0033435846320238505	0.0002094023312267284
0.0033128201883036576	0.00020870232666579867
0.0032799148334728876	0.00020798716602573895
0.003244869345837605	0.00020726200473407812
0.003205929501961779	0.00020649519643376423
0.003167028951571195	0.0002057688122439884
0.003128945727652888	0.00020509627257619056
0.0030916581991080813	0.00020447590558874152
0.0030544082398615566	0.00020389401685345316
0.0030171957931621075	0.0002033504910948125
0.0029800208023727736	0.00020284521338435893
0.0029426038137689917	0.00020237460257582467
0.0029050815422700747	0.0002019405961720703
0.0028648130826193397	0.00020151585055869366
0.0028240850001351927	0.00020112708198464103
0.0027833978093001264	0.0002007797596130528
0.002740972012301976	0.0002004609365997754
0.0026930320326841307	0.00020014854857780672
0.0026423430098908127	0.00019986913083730522
0.002590875662404497	0.0001996369990145428
0.0025355304620847583	0.00019944405275355671
0.002475199281056007	0.00019929302846032458
0.002417231735784548	0.0001992056885303889
