0.014547819129594802	0.007529673217251295
0.014547819129594802	0.007529673217251295
0.014547819129594802	0.007529673217251295
0.0145478191295948	0.007529673217251293
0.014547819129594802	0.007529673217251295
0.014547819129594802	0.007529673217251295
0.014547819129594798	0.007529673217251291
0.014547819129594802	0.007529673217251295
0.014547819129594802	0.007529673217251295
0.014547819129594805	0.007529673217251298
0.014547819129594802	0.007529673217251295
0.0145478191295948	0.007529673217251293
0.014547819129594802	0.007529673217251295
0.014547819129594802	0.007529673217251295
0.014547819129594802	0.007529673217251295
0.014547819129594802	0.007529673217251295
0.014547819129594802	0.007529673217251295
0.014547819129594802	0.007529673217251295
0.014547819129594802	0.007529673217251295
0.014547819129594802	0.007529673217251295
0.014547819129594798	0.007529673217251291
0.014547819129594802	0.007529673217251295
0.014547819129594802	0.007529673217251295
0.014547819129594802	0.007529673217251295
0.014547819129594802	0.007529673217251295
0.014547819129594802	0.007529673217251295
0.014547819129594802	0.007529673217251295
0.014547819129594802	0.007529673217251295
0.014547819129594798	0.007529673217251291
0.014547819129594802	0.007529673217251295
0.014547819129594802	0.007529673217251295
0.014547819129594802	0.007529673217251295
0.014547819129594802	0.007529673217251295
0.014547819129594802	0.007529673217251295
0.0145478191295948	0.007529673217251293
0.014547819129594805	0.007529673217251298
0.0145478191295948	0.007529673217251293
0.0145478191295948	0.007529673217251293
0.014547819129594802	0.007529673217251295
0.014547819129594802	0.007529673217251295
0.014547819129594802	0.007529673217251295
0.014547819129594805	0.007529673217251298
0.014547819129594802	0.007529673217251295
0.014547819129594802	0.007529673217251295
0.0145478191295948	0.007529673217251293
0.014547819129594802	0.007529673217251295
0.0145478191295948	0.007529673217251293
0.014547819129594802	0.007529673217251295
0.014547819129594802	0.007529673217251295
0.0145478191295948	0.007529673217251293
0.0145478191295948	0.007529673217251293
0.0145478191295948	0.007529673217251293
0.014547819129594802	0.007529673217251295
0.014547819129594802	0.007529673217251295
0.014547819129594802	0.007529673217251295
0.0145478191295948	0.007529673217251293
0.0145478191295948	0.007529673217251293
0.014547819129594802	0.007529673217251295
0.0145478191295948	0.007529673217251293
0.014547819129594802	0.007529673217251295
0.014547819129594802	0.007529673217251295
0.0145478191295948	0.007529673217251293
0.014547819129594802	0.007529673217251295
0.014547819129594802	0.007529673217251295
0.0145478191295948	0.007529673217251293
0.014547819129594802	0.007529673217251295
0.014547819129594802	0.007529673217251295
0.014547819129594802	0.007529673217251295
0.014547819129594802	0.007529673217251295
0.014547819129594802	0.007529673217251295
0.014547819129594798	0.007529673217251291
0.014547819129594802	0.007529673217251295
0.014547819129594802	0.007529673217251295
0.014547819129594802	0.007529673217251295
0.014547819129594802	0.007529673217251295
0.014547819129594802	0.007529673217251295
0.014547819129594802	0.007529673217251295
0.014547819129594798	0.007529673217251291
0.014547819129594802	0.007529673217251295
0.014547819129594802	0.007529673217251295
0.014547819129594802	0.007529673217251295
0.014547819129594802	0.007529673217251295
0.014547819129594802	0.007529673217251295
0.014547819129594802	0.007529673217251295
0.014547819129594802	0.007529673217251295
0.014547819129594802	0.007529673217251295
0.014547819129594802	0.007529673217251295
0.014547819129594802	0.007529673217251295
0.014547819129594802	0.007529673217251295
0.014547819129594802	0.007529673217251295
0.014547819129594802	0.007529673217251295
0.014547819129594802	0.007529673217251295
0.014547819129594802	0.007529673217251295
0.014547819129594802	0.007529673217251295
0.014547819129594802	0.007529673217251295
0.014547819129594802	0.007529673217251295
0.014547819129594802	0.007529673217251295
0.014547819129594798	0.007529673217251291
0.014547819129594802	0.007529673217251295
0.014547819129594802	0.007529673217251295
0.014547819129594802	0.007529673217251295
0.014547819129594802	0.007529673217251295
0.014547819129594802	0.007529673217251295
0.014547819129594802	0.007529673217251295
0.014547819129594802	0.007529673217251295
0.014547819129594805	0.007529673217251298
0.014547819129594802	0.007529673217251295
0.014547819129594802	0.007529673217251295
0.014547819129594798	0.007529673217251291
0.014547819129594805	0.007529673217251298
0.014547819129594798	0.007529673217251291
0.014547819129594802	0.007529673217251295
0.014547819129594802	0.007529673217251295
0.014547819129594802	0.007529673217251295
0.014547819129594798	0.007529673217251291
0.014547819129594802	0.007529673217251295
0.014547819129594802	0.007529673217251295
0.0145478191295948	0.007529673217251293
0.014547819129594802	0.007529673217251295
0.0145478191295948	0.007529673217251293
0.014547819129594802	0.007529673217251295
0.014547819129594802	0.007529673217251295
0.0145478191295948	0.007529673217251293
0.014547819129594802	0.007529673217251295
0.014547819129594805	0.007529673217251298
0.0145478191295948	0.007529673217251293
0.014547819129594805	0.007529673217251298
0.014547819129594802	0.007529673217251295
0.014547819129594802	0.007529673217251295
0.014547819129594802	0.007529673217251295
0.014547819129594802	0.007529673217251295
0.014547819129594802	0.007529673217251295
0.014547819129594802	0.007529673217251295
0.014547819129594802	0.007529673217251295
0.014547819129594802	0.007529673217251295
0.0145478191295948	0.007529673217251293
0.0145478191295948	0.007529673217251293
0.0145478191295948	0.007529673217251293
0.014547819129594802	0.007529673217251295
0.014547819129594802	0.007529673217251295
0.014547819129594805	0.007529673217251298
0.014547819129594802	0.007529673217251295
0.014547819129594802	0.007529673217251295
0.014547819129594802	0.007529673217251295
0.0145478191295948	0.007529673217251293
0.014547819129594802	0.007529673217251295
0.014547819129594802	0.007529673217251295
0.014547819129594802	0.007529673217251295
0.0145478191295948	0.007529673217251293
0.014547819129594802	0.007529673217251295
0.014547819129594802	0.007529673217251295
0.0145478191295948	0.007529673217251293
0.014547819129594802	0.007529673217251295
0.014547819129594802	0.007529673217251295
0.014547819129594802	0.007529673217251295
0.014547819129594802	0.007529673217251295
0.014547819129594802	0.007529673217251295
0.014547819129594802	0.007529673217251295
0.014547819129594802	0.007529673217251295
0.014547819129594802	0.007529673217251295
0.014547819129594802	0.007529673217251295
0.014547819129594802	0.007529673217251295
0.014547819129594802	0.007529673217251295
0.0145478191295948	0.007529673217251293
0.014547819129594805	0.007529673217251298
0.0145478191295948	0.007529673217251293
0.014547819129594802	0.007529673217251295
0.014547819129594802	0.007529673217251295
0.014547819129594802	0.007529673217251295
0.014547819129594802	0.007529673217251295
0.014547819129594802	0.007529673217251295
0.014547819129594802	0.007529673217251295
0.014547819129594802	0.007529673217251295
0.014547819129594802	0.007529673217251295
0.0145478191295948	0.007529673217251293
0.014547819129594802	0.007529673217251295
0.0145478191295948	0.007529673217251293
0.014547819129594802	0.007529673217251295
0.0145478191295948	0.007529673217251293
0.0145478191295948	0.007529673217251293
0.014547819129594802	0.007529673217251295
0.014547819129594802	0.007529673217251295
0.0145478191295948	0.007529673217251293
0.014547819129594802	0.007529673217251295
0.0145478191295948	0.007529673217251293
0.0145478191295948	0.007529673217251293
0.0145478191295948	0.007529673217251293
0.0145478191295948	0.007529673217251293
0.014547819129594802	0.007529673217251295
0.014547819129594802	0.007529673217251295
0.0145478191295948	0.007529673217251293
0.014547819129594802	0.007529673217251295
0.014547819129594802	0.007529673217251295
0.0145478191295948	0.007529673217251293
0.014547819129594802	0.007529673217251295
0.014547819129594802	0.007529673217251295
0.0145478191295948	0.007529673217251293
0.014547819129594802	0.007529673217251295
0.014547819129594805	0.007529673217251298
0.014547819129594802	0.007529673217251295
0.0145478191295948	0.007529673217251293
0.014547819129594802	0.007529673217251295
0.014547819129594802	0.007529673217251295
0.014547819129594802	0.007529673217251295
0.0145478191295948	0.007529673217251293
0.0145478191295948	0.007529673217251293
0.0145478191295948	0.007529673217251293
0.014547819129594802	0.007529673217251295
0.014547819129594802	0.007529673217251295
0.0145478191295948	0.007529673217251293
0.014547819129594802	0.007529673217251295
0.014547819129594802	0.007529673217251295
0.014547819129594802	0.007529673217251295
0.014547819129594802	0.007529673217251295
0.014547819129594802	0.007529673217251295
0.014547819129594802	0.007529673217251295
0.014547819129594802	0.007529673217251295
0.0145478191295948	0.007529673217251293
0.014547819129594802	0.007529673217251295
0.0145478191295948	0.007529673217251293
0.0145478191295948	0.007529673217251293
0.0145478191295948	0.007529673217251293
0.0145478191295948	0.007529673217251293
0.014547819129594802	0.007529673217251295
0.0145478191295948	0.007529673217251293
0.0145478191295948	0.007529673217251293
0.014547819129594805	0.007529673217251298
0.014547819129594802	0.007529673217251295
0.014547819129594802	0.007529673217251295
0.014547819129594802	0.007529673217251295
0.014547819129594802	0.007529673217251295
0.014547819129594802	0.007529673217251295
0.0145478191295948	0.007529673217251293
0.0145478191295948	0.007529673217251293
0.014547819129594802	0.007529673217251295
0.014547819129594802	0.007529673217251295
0.014547819129594802	0.007529673217251295
0.014547819129594805	0.007529673217251298
0.0145478191295948	0.007529673217251293
0.014547819129594802	0.007529673217251295
0.014547819129594802	0.007529673217251295
0.0145478191295948	0.007529673217251293
0.0145478191295948	0.007529673217251293
0.0145478191295948	0.007529673217251293
0.0145478191295948	0.007529673217251293
0.014547819129594802	0.007529673217251295
0.0145478191295948	0.007529673217251293
0.014547819129594805	0.007529673217251298
0.014547819129594802	0.007529673217251295
0.0145478191295948	0.007529673217251293
0.014547819129594802	0.007529673217251295
0.014547819129594802	0.007529673217251295
0.014547819129594802	0.007529673217251295
0.014547819129594802	0.007529673217251295
0.014547819129594802	0.007529673217251295
0.014547819129594802	0.007529673217251295
0.0145478191295948	0.007529673217251293
0.014547819129594802	0.007529673217251295
0.014547819129594802	0.007529673217251295
0.014547819129594802	0.007529673217251295
0.014547819129594802	0.007529673217251295
0.014547819129594802	0.007529673217251295
0.014547819129594802	0.007529673217251295
0.014547819129594802	0.007529673217251295
0.014547819129594802	0.007529673217251295
0.014547819129594802	0.007529673217251295
0.014547819129594802	0.007529673217251295
0.014547819129594802	0.007529673217251295
0.014547819129594802	0.007529673217251295
0.014547819129594802	0.007529673217251295
0.014547497464764298	0.007525545146465998
0.014547025754771606	0.007519513163798793
0.01454655751323475	0.007513551037297019
0.014546092702038816	0.0075076577200804285
0.014545631283625337	0.007501832184613253
0.014545173220982137	0.007496073422278779
0.014544718477633455	0.007490380442964962
0.01454426701763025	0.007484752274660485
0.014543818805540738	0.007479187963061007
0.014543373806441114	0.007473686571185464
0.014542931985906483	0.007468247179001866
0.014542493310002002	0.007462868883062568
0.014542057745274145	0.007457550796148564
0.01454162525874224	0.0074522920469226915
0.014541195817890139	0.007447091779591384
0.014540769390658051	0.007441949153574779
0.01454034594543458	0.007436863343184972
0.014539925451048904	0.007431833537312143
0.014539507876763133	0.0074268589391182915
0.014539093192264802	0.007421938765738547
0.014538681367659562	0.007417072247989631
0.01453827237346398	0.007412258630085442
0.014537866180598512	0.00740749716935941
0.014537462760380584	0.007402787135993609
0.014537062084517879	0.007398127812754253
0.014536664125101698	0.007393518494733642
0.014536268854600498	0.007388958489098161
0.014535876245853513	0.007384447114842133
0.014535486272064557	0.007379983702547782
0.014535098906795935	0.007375567594150578
0.014534714123962433	0.007371198142710178
0.014534331897825499	0.007366874712186777
0.014533952202987489	0.007362596677222609
0.014533575014386034	0.007358363422928529
0.014533200307288528	0.007354174344675568
0.014532828057286751	0.007350028847891292
0.014532458240291517	0.00734592634786082
0.014532090832527522	0.007341866269532433
0.01453172581052823	0.007337848047327615
0.014531363151130879	0.007333871124955433
0.01453100283147157	0.007329934955231115
0.01453064482898049	0.007326038999898767
0.014530289121377172	0.007322182729458066
0.014529935686665892	0.007318365622994833
0.014529584503131111	0.007314587168015472
0.01452923554933306	0.0073108468602850534
0.014528888804103357	0.007307144203669022
0.014528544246540712	0.0073034787099784185
0.014528201856006768	0.007299849898818543
0.014527861612121936	0.00729625729744096
0.014527523494761385	0.00729270044059874
0.014527187484051055	0.007289178870404887
0.014526853560363772	0.007285692136193896
0.014526521704315417	0.00728223979438624
0.014526191896761194	0.007278821408355984
0.014525864118791915	0.007275436548300959
0.01452553835173042	0.007272084791116131
0.014525214577128022	0.007268765720269397
0.014524892776761	0.007265478925680139
0.014524572932627218	0.007262224003600449
0.014524255026942727	0.0072590005564987835
0.014523939042138506	0.007255808192946188
0.014523624960857203	0.0072526465275048685
0.014523312765949967	0.007249515180619113
0.014523002440473307	0.007246413778508615
0.014522693967686054	0.007243341953063919
0.014522387331046351	0.0072402993417441655
0.014522082514208664	0.007237285587476845
0.014521779501020904	0.007234300338559787
0.014521478275521568	0.007231343248565095
0.014521178821936933	0.007228413976245082
0.014520881124678307	0.007225512185440206
0.01452058516833932	0.007222637544988802
0.014520290937693275	0.007219789728638814
0.01451999841769052	0.007216968414961153
0.014519707593455899	0.007214173287264991
0.014519418450286216	0.007211404033514706
0.014519130973647772	0.007208660346248502
0.014518845149173912	0.007205941922498699
0.01451856096266266	0.007203248463713664
0.014518278400074323	0.007200579675681235
0.014517997447529228	0.007197935268453768
0.01451771809130541	0.007195314956274626
0.014517440317836403	0.007192718457506188
0.014517164113709027	0.007190145494559234
0.014516889465661246	0.0071875957938237565
0.01451661636058002	0.007185069085601172
0.014516344785499253	0.007182565104037854
0.014516074727597708	0.0071800835870599235
0.014515806174197003	0.007177624276309411
0.01451553911275964	0.007175186917081622
0.014515273530887026	0.007172771258263667
0.014515009416317571	0.007170377052274349
0.014514746756924816	0.007168004055005033
0.014514485540715532	0.007165652025761787
0.01451422575582794	0.007163320727208615
0.0145139673905299	0.007161009925311743
0.01451371043321714	0.007158719389285031
0.014513454872411511	0.007156448891536357
0.014513200696759303	0.007154198207615149
0.014512947895029531	0.007151967116160774
0.014512696456112324	0.0071497553988520285
0.014512446369017256	0.007147562840357513
0.01451219762287175	0.007145389228286928
0.014511950206919541	0.007143234353143417
0.014511704110519079	0.00714109800827665
0.014511459323142028	0.007138979989836871
0.014511215834371743	0.007136880096729789
0.01451097363390183	0.007134798130572326
0.014510732711534665	0.007132733895649179
0.014510493057179956	0.007130687198870145
0.014510254660853357	0.007128657849728317
0.014510017512675062	0.007126645660258998
0.014509781602868458	0.007124650444999376
0.014509546921758768	0.007122672020948967
0.014509313459771717	0.007120710207530753
0.014509081207432275	0.0071187648265530565
0.014508850155363314	0.007116835702172085
0.014508620294284402	0.007114922660855171
0.014508391615010524	0.007113025531344683
0.014508164108450875	0.007111144144622582
0.014507937765607635	0.0071092783338756165
0.014507712577574827	0.007107427934461165
0.014507488535537091	0.007105592783873643
0.014507265630768588	0.00710377272171158
0.014507043854631821	0.007101967589645216
0.014506823198576548	0.007100177231384731
0.014506603654138691	0.007098401492649036
0.014506385212939206	0.007096640221135014
0.014506167866683083	0.0070948932664875175
0.014505951607158243	0.007093160480269667
0.014505736426234522	0.007091441715933803
0.014505522315862657	0.007089736828792937
0.01450530926807328	0.00708804567599267
0.014505097274975938	0.007086368116483634
0.014504886328758085	0.007084704010994359
0.014504676421684168	0.007083053222004684
0.014504467546094635	0.007081415613719596
0.014504259694405056	0.007079791052043499
0.014504052859105152	0.007078179404554953
0.014503847032757936	0.007076580540481885
0.014503642207998784	0.007074994330677126
0.014503438377534573	0.007073420647594453
0.01450323553414283	0.007071859365265048
0.014503033670670861	0.007070310359274277
0.014502832780034898	0.007068773506738926
0.0145026328552193	0.007067248686284825
0.01450243388927572	0.007065735778024839
0.014502235875322294	0.007064234663537185
0.014502038806542873	0.007062745225844243
0.014501842676186216	0.007061267349391549
0.014501647477565214	0.007059800920027277
0.014501453204056164	0.007058345824982024
0.014501259849097984	0.007056901952848901
0.014501067406191495	0.007055469193563997
0.014500875868898679	0.007054047438387149
0.014500685230841982	0.00705263657988304
0.014500495485703584	0.007051236511902602
0.014500306627224709	0.007049847129564709
0.014500118649204941	0.007048468329238219
0.014499931545501553	0.007047100008524288
0.014499745310028801	0.007045742066238914
0.01449955993675731	0.007044394402395894
0.014499375419713405	0.007043056918189941
0.014499191752978454	0.007041729515980131
0.014499008930688267	0.0070404120992736356
0.014498826947032436	0.0070391045727096315
0.014498645796253746	0.007037806842043606
0.014498465472647564	0.007036518814131787
0.014498285970561223	0.007035240396915897
0.014498107284393463	0.007033971499408148
0.014497929408593811	0.007032712031676441
0.014497752337662023	0.0070314619048298015
0.014497576066147539	0.007030221031004146
0.014497400588648889	0.0070289893233481185
0.01449722589981315	0.007027766696009261
0.014497051994335422	0.007026553064120389
0.014496878866958258	0.007025348343786144
0.014496706512471182	0.007024152452069815
0.014496534925710099	0.0070229653069802805
0.014496364101556842	0.007021786827459261
0.014496194034938637	0.007020616933368709
0.014496024720827592	0.007019455545478379
0.014495856154240216	0.007018302585453654
0.014495688330236924	0.007017157975843513
0.014495521243921557	0.007016021640068687
0.014495354890440909	0.0070148935024100575
0.014495189264984248	0.007013773487997145
0.014495024362782851	0.007012661522796807
0.014494860179109566	0.007011557533602181
0.014494696709278346	0.007010461448021702
0.01449453394864378	0.007009373194468311
0.014494371892600708	0.007008292702148879
0.014494210536583747	0.00700721990105375
0.014494049876066855	0.007006154721946409
0.014493889906562939	0.007005097096353399
0.014493730623623415	0.007004046956554335
0.014493572022837811	0.007003004235572036
0.014493414099833337	0.007001968867162887
0.014493256850274515	0.007000940785807287
0.014493100269862754	0.006999919926700266
0.014492944354335966	0.006998906225742209
0.01449278909946819	0.006997899619529789
0.0144926345010692	0.006996900045346961
0.014492480554984127	0.006995907441156118
0.0144923272570931	0.006994921745589426
0.014492174603310856	0.0069939428979401705
0.014492022589586403	0.006992970838154392
0.014491871211902634	0.006992005506822474
0.014491720466276	0.006991046845171
0.014491570348756146	0.006990094795054647
0.014491420855425563	0.0069891492989482265
0.014491271982399256	0.006988210299938828
0.014491123725824406	0.006987277741718104
0.014490976081880026	0.006986351568574627
0.014490829046776657	0.006985431725386419
0.014490682616756012	0.006984518157613499
0.014490536788090699	0.006983610811290673
0.014490391557083844	0.006982709633020249
0.014490246920068839	0.006981814569965033
0.014490102873408992	0.006980925569841315
0.014489959413497256	0.0069800425809120195
0.014489816536755889	0.006979165551979884
0.014489674239636194	0.006978294432380816
0.0144895325186182	0.00697742917197729
0.014489391370210375	0.006976569721151852
0.01448925079094936	0.006975716030800734
0.014489110777399653	0.006974868052327534
0.014488971326153358	0.006974025737637006
0.014488832433829896	0.006973189039128932
0.014488694097075728	0.006972357909692064
0.014488556312564092	0.006971532302698187
0.01448841907699473	0.006970712171996222
0.01448828238709364	0.006969897471906469
0.01448814623961279	0.006969088157214852
0.014488010631329887	0.006968284183167342
0.0144878755590481	0.006967485505464361
0.014487741019595827	0.006966692080255331
0.014487607009826436	0.006965903864133276
0.014487473526618028	0.006965120814129501
0.014487340566873178	0.006964342887708336
0.014487208127518721	0.006963570042761977
0.014487076205505496	0.006962802237605365
0.014486944797808106	0.006962039430971153
0.014486813901424716	0.006961281582004772
0.014486683513376798	0.0069605286502595065
0.014486553630708904	0.00695978059569166
0.014486424250488473	0.006959037378655834
0.01448629536980557	0.006958298959900181
0.0144861669857727	0.006957565300561818
0.014486039095524574	0.006956836362162231
0.014485911696217895	0.0069561121066027565
0.014485784785031165	0.006955392496160176
0.014485658359164464	0.006954677493482293
0.014485532415839235	0.0069539670615836185
0.014485406952298108	0.00695326116384112
0.014485281965804658	0.006952559763989977
0.014485157453643259	0.006951862826119461
0.014485033413118829	0.00695117031466881
0.014484909841556686	0.006950482194423211
0.014484786736302328	0.006949798430509794
0.014484664094721243	0.006949118988393696
0.014484541914198729	0.006948443833874176
0.01448442019213972	0.006947772933080812
0.01448429892596857	0.006947106252469669
0.014484178113128904	0.006946443758819626
0.014484057751083409	0.006945785419228632
0.014483937837313695	0.006945131201110144
0.014483818369320074	0.006944481072189475
0.01448369934462142	0.006943835000500301
0.01448358076075498	0.006943192954381143
0.014483462615276223	0.0069425549024719636
0.014483344905758639	0.006941920813710694
0.014483227629793606	0.006941290657329947
0.014483110784990205	0.006940664402853671
0.014482994368975082	0.006940042020093903
0.014482878379392241	0.006939423479147494
0.01448018360788799	0.006925091759753587
0.014477041675214884	0.0069084208466996585
0.01447391118856244	0.006891852363276778
0.014470792085497827	0.0068753855237493515
0.01446768430404142	0.006859019549730983
0.014464587782662762	0.006842753670103039
0.014461502460276433	0.0068265871209342585
0.01445842827623807	0.00681051914540134
0.014455365170340384	0.006794548993710628
0.014452313082809243	0.006778675923020735
0.014449271954299747	0.006762899197366208
0.014446241725892432	0.006747218087582057
0.014443222339089451	0.006731631871229403
0.014440213735810762	0.006716139832521938
0.014437215858390463	0.006700741262253319
0.014434228649573078	0.006685435457725572
0.014431252052509938	0.006670221722678352
0.014428286010755522	0.0066550993672189925
0.014425330468263962	0.006640067707753658
0.014422385369385442	0.006625126066919087
0.014419450658862767	0.006610273773515454
0.014416526281827833	0.00659551016243983
0.014413612183798297	0.0065808345746207015
0.014410708310674127	0.0065662463569531055
0.014407814608734285	0.006551744862234689
0.014404931024633387	0.006537329449102521
0.014402057505398469	0.0065229994819707236
0.014399193998425684	0.006508754330968797
0.014396340451477155	0.006494593371880794
0.01439349681267775	0.006480515986085217
0.014390663030511971	0.0064665215604955755
0.014387839053820814	0.006452609487501832
0.014385024831798708	0.006438779164912389
0.01438222031399047	0.006425029995896951
0.014379425450288294	0.006411361388929935
0.01437664019092873	0.006397772757734701
0.014373864486489786	0.006384263521228353
0.014371098287887957	0.006370833103467291
0.014368341546375365	0.006357480933593396
0.01436559421353688	0.006344206445780879
0.014362856241287287	0.006331009079183689
0.014360127581868462	0.006317888277883694
0.014357408187846653	0.006304843490839427
0.014354698012109667	0.006291874171835367
0.014351997007864168	0.0062789797794319865
0.014349305128633014	0.006266159776916265
0.014346622328252564	0.006253413632252853
0.014343948560870021	0.0062407408180358325
0.014341283780940862	0.006228140811441007
0.014338627943226233	0.006215613094178801
0.014335981002790382	0.006203157152447717
0.014333342914998125	0.006190772476888311
0.014330713635512362	0.006178458562537724
0.014328093120291544	0.006166214908784815
0.014325481325587267	0.006154041019325733
0.01432287820794181	0.0061419364021200636
0.014320283724185725	0.006129900569347484
0.014317697831435458	0.006117933037364939
0.014315120487090976	0.006106033326664261
0.014312551648833435	0.006094200961830412
0.014309991274622876	0.006082435471500052
0.014307439322695896	0.006070736388320735
0.014304895751563428	0.006059103248910501
0.014302360520008441	0.006047535593817948
0.014299833587083751	0.0060360329674828146
0.014297314912109801	0.006024594918196919
0.01429480445467246	0.006013220998065676
0.014292302174620915	0.0060019107629700275
0.01428980803206547	0.005990663772528666
0.014287321987375467	0.005979479590060955
0.014284844001177164	0.00596835778255003
0.014282374034351668	0.005957297920606487
0.014279912048032879	0.0059462995784324065
0.014277458003605447	0.00593536233378583
0.014275011862702736	0.0059244857679456074
0.014272573587204853	0.005913669465676667
0.014270143139236666	0.0059029130151957284
0.014267720481165813	0.005892216008137259
0.014265305575600783	0.00588157803952003
0.014262898385388991	0.005870998707713847
0.014260498873614877	0.0058604776144068225
0.014258107003598018	0.005850014364572881
0.014255722738891221	0.0058396085664397515
0.014253346043278731	0.005829259831457221
0.014250976880774365	0.005818967774265833
0.014248615215619691	0.005808732012665855
0.014246261012282258	0.0057985521675866965
0.014243914235453773	0.00578842786305652
0.014241574850048372	0.0057783587261723635
0.01423924282120085	0.005768344387070491
0.014236918114264925	0.005758384478897045
0.014234600694811576	0.005748478637779206
0.014232290528627232	0.005738626502796386
0.014229987581712232	0.005728827715952041
0.014227691820279009	0.005719081922145552
0.014225403210750583	0.00570938876914464
0.014223121719758779	0.005699747907557822
0.014220847314142727	0.0056901589908074585
0.014218579960947188	0.005680621675102885
0.014216319627420988	0.005671135619413911
0.01421406628101543	0.0056617004854446545
0.014211819889382728	0.005652315937607578
0.01420958042037447	0.005642981642997865
0.014207347842040082	0.005633697271368099
0.014205122122625312	0.005624462495103139
0.014202903230570694	0.005615276989195332
0.014200691134510137	0.0056061404312199945
0.01419848580326933	0.0055970525013111115
0.014196287205864374	0.005588012882137378
0.014194095311500286	0.005579021258878401
0.014191910089569574	0.005570077319201271
0.014189731509650808	0.00556118075323728
0.014187559541507215	0.00555233125355898
0.014185394155085263	0.005543528515157423
0.014183235320513313	0.00553477223541969
0.014181083008100188	0.0055260621141066295
0.014178937188333853	0.005517397853330839
0.01417679783188007	0.005508779157534954
0.01417466490958104	0.005500205733470037
0.014172538392454068	0.00549167729017427
0.014170418251690305	0.005483193538951966
0.014168304458653379	0.005474754193352589
0.014166196984878154	0.005466358969150219
0.014164095802069405	0.0054580075843230404
0.01416200088210063	0.00544969975903326
0.014159912197012715	0.005441435215607018
0.014157829719012732	0.005433213678514672
0.014155753420472688	0.005425034874351199
0.014153683273928313	0.005416898531816873
0.014151619252077868	0.0054088043816980964
0.014149561327780884	0.005400752156848422
0.014147509474057058	0.0053927415921698274
0.014145463664084989	0.00538477242459416
0.014143423871201067	0.005376844393064743
0.014141390068898307	0.005368957238518257
0.01413936223082518	0.005361110703866709
0.014137340330784471	0.005353304533979663
0.014135324342732191	0.005345538475666622
0.014133314240776414	0.0053378122776596175
0.014131309999176186	0.005330125690595939
0.01412931159234045	0.005322478467001103
0.014127318994826894	0.005314870361271937
0.014125332181340971	0.005307301129659893
0.014123351126734712	0.005299770530254456
0.014121375806005747	0.005292278322966822
0.014119406194296238	0.0052848242695137
0.014117442266891805	0.005277408133401206
0.014115483999220522	0.005270029679909071
0.014113531366851888	0.00526268867607491
0.014111584345495814	0.0052553848906786394
0.014109642911001589	0.005248118094227136
0.014107707039356926	0.0052408880589389735
0.014105776706686913	0.005233694558729351
0.014103851889253106	0.005226537369195185
0.014101932563452494	0.005219416267600322
0.014100018705816557	0.005212331032860933
0.0140981102930103	0.005205281445531002
0.014096207301831346	0.005198267287788072
0.014094309709208917	0.005191288343418982
0.014092417492202993	0.00518434439780588
0.014090530628003303	0.005177435237912297
0.014088649093928471	0.0051705606522694314
0.014086772867425075	0.0051637204309624785
0.01408490192606676	0.005156914365617174
0.014083036247553336	0.005150142249386459
0.0140811758097099	0.00514340387693724
0.014079320590485937	0.005136699044437332
0.014077470567954468	0.005130027549542459
0.01407562572031121	0.005123389191383522
0.014073786025873652	0.00511678377055382
0.014071951463080282	0.00511021108909653
0.014070122010489666	0.005103670950492221
0.014068297646779703	0.0050971631596466015
0.014066478350746703	0.005090687522878245
0.014064664101304645	0.0050842438479065865
0.014062854877484309	0.005077831943839896
0.014061050658432491	0.0050714516211634855
0.01405925142341121	0.005065102691727978
0.014057457151796886	0.005058784968737697
0.01405566782307956	0.005052498266739131
0.014053883416862154	0.005046242401609651
0.014052103912859625	0.005040017190546139
0.014050329290898257	0.005033822452053882
0.014048559530914863	0.005027658005935509
0.014046794612956045	0.005021523673280054
0.014045034517177455	0.005015419276452122
0.014043279223843002	0.005009344639081135
0.014041528713324166	0.005003299586050733
0.014039782966099272	0.004997283943488254
0.014038041962752698	0.004991297538754278
0.014036305683974237	0.004985340200432351
0.014034574110558307	0.004979411758318722
0.014032847223403318	0.0049735120434122706
0.01403112500351091	0.004967640887904434
0.014029407431985289	0.004961798125169309
0.014027694490032506	0.0049559835897538
0.014025986158959818	0.004950197117367924
0.014024282420174951	0.004944438544875087
0.014022583255185486	0.004938707710282629
0.014020888645598136	0.0049330044527322895
0.014019198573118119	0.004927328612490862
0.014017513019548473	0.004921680030940917
0.014015831966789419	0.004916058550571607
0.014014155396837735	0.004910464014969577
0.014012483291786053	0.004904896268809911
0.01401081563382227	0.004899355157847214
0.014009152405228905	0.004893840528906788
0.014007493588382483	0.004888352229875839
0.014005839165752865	0.004882890109694804
0.014004189119902692	0.004877454018348755
0.014002543433486737	0.00487204380685888
0.014000902089251303	0.004866659327274035
0.0139992650700336	0.004861300432662388
0.013997632358761215	0.004855966977103171
0.013996003938451438	0.004850658815678433
0.013994379792210724	0.004845375804464929
0.013992759903234063	0.004840117800526065
0.01399114425480447	0.0048348846619039555
0.013989532830292337	0.004829676247611479
0.013987925613154907	0.004824492417624478
0.013986322586935704	0.004819333032874006
0.01398472373526394	0.004814197955238627
0.013983129041854005	0.004809087047536827
0.013981538490504871	0.004804000173519452
0.013979952065099572	0.004798937197862276
0.013978369749604654	0.0047938979861585525
0.013976791528069622	0.004788882404911722
0.013975217384626409	0.004783890321528112
0.013973647303488854	0.004778921604309779
0.013972081268952174	0.004773976122447344
0.013970519265392417	0.004769053746012941
0.013968961277265969	0.004764154345953213
0.013967407289109054	0.004759277794082387
0.013965857285537148	0.004754423963075382
0.013964311251244553	0.004749592726460992
0.013962769171003862	0.0047447839586151844
0.013961231029665445	0.0047399975347543625
0.013959696812156967	0.004735233330928757
0.013958166503482916	0.004730491224015868
0.013956640088724057	0.0047257710917139595
0.01395511755303702	0.004721072812535603
0.013953598881653751	0.004716396265801278
0.013952084059881086	0.0047117413316330875
0.013950573073100256	0.00470710789094844
0.013949065906766405	0.004702495825453841
0.013947562546408141	0.00469790501763875
0.013946062977627075	0.004693335350769462
0.013944567186097344	0.004688786708883059
0.013943075157565172	0.004684258976781429
0.013941586877848411	0.004679752040025296
0.013940102332836088	0.00467526578492837
0.013938621508487948	0.004670800098551454
0.01393714439083405	0.004666354868696733
0.013935670965974284	0.004661929983901983
0.013934201220077963	0.00465752533343492
0.013932735139383381	0.004653140807287572
0.01393127271019738	0.004648776296170677
0.013929813918894926	0.0046444316915081685
0.01392835875191868	0.004640106885431695
0.013926907195778606	0.004635801770775183
0.013925459237051529	0.004631516241069467
0.013924014862380697	0.004627250190536918
0.013922574058475438	0.004623003514086191
0.013921136812110685	0.004618776107306967
0.0139197031101266	0.0046145678664647445
0.0139182729394282	0.004610378688495726
0.01391684628698489	0.004606208471001656
0.013915423139830147	0.004602057112244816
0.013914003485061058	0.004597924511142981
0.013912587309837972	0.004593810567264439
0.01391117460138409	0.004589715180823081
0.013909765346985122	0.004585638252673517
0.013908359533988834	0.0045815796843062025
0.013906957149804722	0.004577539377842672
0.01390555818190365	0.004573517236030781
0.01390416261781742	0.004569513162239946
0.013902770445138445	0.00456552706045652
0.013901381651519374	0.004561558835279122
0.013899996224672712	0.00455760839191406
0.01389861415237047	0.004553675636170753
0.013897235422443808	0.004549760474457255
0.013895860022782675	0.004545862813775726
0.013894487941335434	0.004541982561718031
0.013893119166108558	0.004538119626461345
0.013891753685166212	0.004534273916763724
0.013890391486629981	0.004530445341959878
0.013889032558678476	0.00452663381195682
0.013887676889546993	0.004522839237229605
0.013886324467527201	0.004519061528817168
0.01388497528096679	0.004515300598318107
0.013883629318269126	0.004511556357886545
0.013882286567892938	0.004507828720228027
0.013880947018351976	0.004504117598595448
0.013879610658214681	0.004500422906785017
0.01387827747610386	0.00449674455913224
0.013876947460696409	0.004493082470507986
0.013875620600722886	0.004489436556314491
0.013874296884967316	0.00448580673248152
0.01387297630226679	0.004482192915462457
0.013871658841511182	0.004478595022230478
0.013870344491642834	0.004475012970274757
0.013869033241656257	0.004471446677596681
0.013867725080597793	0.00446789606270611
0.013866419997565356	0.004464361044617685
0.013865117981708076	0.004460841542847124
0.01386381902222605	0.004457337477407604
0.013862523108370009	0.004453848768806121
0.01386123022944103	0.00445037533803992
0.013859940374790247	0.004446917106592928
0.013858653533818564	0.004443473996432244
0.013857369695976325	0.004440045930004612
0.013856088850763091	0.004436632830233001
0.013854810987727305	0.004433234620513115
0.013853536096466022	0.004429851224710028
0.013852264166624616	0.004426482567154761
0.013850995187896545	0.004423128572640981
0.013849729150022996	0.004419789166421614
0.013848466042792665	0.004416464274205583
0.013847205856041487	0.004413153822154558
0.013845948579652323	0.004409857736879662
0.013844694203554709	0.0044065759454382765
0.0138434427177246	0.004403308375330874
0.013842194112184097	0.004400054954497825
0.01384094837700115	0.00439681561131626
0.01383970550228935	0.0043935902745969825
0.01383846547820762	0.004390378873581351
0.013837228294959984	0.0043871813379382524
0.013835993942795295	0.004383997597761036
0.013834762412006985	0.004380827583564511
0.0138335336929328	0.004377671226281971
0.013832307775954568	0.004374528457262223
0.013831084651497929	0.004371399208266643
0.013829864310032088	0.004368283411466271
0.013828646742069576	0.004365180999438929
0.013827431938166004	0.004362091905166333
0.013826219888919807	0.004359016062031262
0.013825010584972017	0.004355953403814748
0.013823804017006017	0.004352903864693258
0.013822600175747273	0.0043498673792359156
0.013821399051963161	0.004346843882401788
0.013820200636462669	0.004343833309537115
0.013819004920096176	0.0043408355963726
0.013817811893755264	0.0043378506790207735
0.013816621548372422	0.004334878493973264
0.013815433874920839	0.004331918978098185
0.013814248864414232	0.00432897206863754
0.013813066507906516	0.004326037703204565
0.013811886796491656	0.0043231158197811915
0.01381070972130342	0.004320206356715466
0.013809535273515163	0.00431730925271903
0.013808363444339583	0.0043144244468645695
0.013807194225028543	0.0043115518785833635
0.013806027606872804	0.004308691487662751
0.013804863581201858	0.004305843214243722
0.01380370213938368	0.004303006998818443
0.013802543272824524	0.004300182782227859
0.013801386972968708	0.004297370505659271
0.013800233231298411	0.004294570110643981
0.013799082039333471	0.0042917815390549115
0.01379793338863114	0.004289004733104262
0.013796787270785926	0.004286239635341192
0.013795643677429352	0.004283486188649501
0.013794502600229786	0.004280744336245369
0.013793364030892197	0.0042780140216750395
0.01379222796115798	0.004275295188812604
0.013791094382804767	0.004272587781857754
0.01378996328764619	0.004269891745333563
0.013788834667531717	0.0042672070240842765
0.01378770851434646	0.004264533563273162
0.01378658482001095	0.004261871308380299
0.013785463576480979	0.004259220205200469
0.013784344775747366	0.0042565801998409895
0.013783228409835797	0.004253951238719616
0.013782114470806659	0.0042513332685624634
0.013781002950754772	0.004248726236401875
0.013779893841809297	0.004246130089574401
0.013778787136133466	0.004243544775718707
0.01377768282592447	0.0042409702427735965
0.013776580903413233	0.004238406438975939
0.01377548136086421	0.00423585331285867
0.013774384190575282	0.004233310813248859
0.013773289384877485	0.004230778889265656
0.013772196936134906	0.004228257490318402
0.013771106836744464	0.004225746566104664
0.013770019079135738	0.004223246066608285
0.013768933655770808	0.004220755942097513
0.01376785055914407	0.004218276143123078
0.013766769781782057	0.004215806620516306
0.013765691316243278	0.004213347325387266
0.013764615155118043	0.004210898209122917
0.013763541291028289	0.004208459223385244
0.013762469716627434	0.004206030320109471
0.013761400424600164	0.0042036114515022075
0.013760333407662313	0.004201202570039682
0.013759268658560676	0.004198803628465943
0.013758206170072845	0.0041964145797910996
0.013757145935007046	0.004194035377289545
0.013756087946201976	0.004191665974498231
0.013755032196526656	0.004189306325214934
0.013753978678880245	0.00418695638349653
0.013752927386191903	0.004184616103657299
0.013751878311420631	0.004182285440267236
0.013750831447555085	0.0041799643481503475
0.01374978678761348	0.004177652782383037
0.013748744324643344	0.004175350698292378
0.013747704051721474	0.004173058051454555
0.013746665961953692	0.004170774797693173
0.013745630048474719	0.0041685008930776625
0.013744596304448074	0.004166236293921692
0.013743564723065827	0.004163980956781539
0.01374253529754854	0.004161734838454549
0.013741508021145071	0.004159497895977544
0.013740482887132437	0.004157270086625271
0.013739459888815652	0.004155051367908851
0.013738439019527626	0.0041528416975742674
0.01373742027262897	0.00415064103360082
0.013736403641507883	0.004148449334199627
0.013735389119579996	0.004146266557812127
0.013734376700288226	0.004144092663108577
0.013733366377102652	0.0041419276089865965
0.013732358143520355	0.004139771354569685
0.013731351993065292	0.004137623859205776
0.01373034791928816	0.00413548508246579
0.013729345915766238	0.004133354984142195
0.013728345976103264	0.004131233524247594
0.013727348093929321	0.004129120663013315
0.013726352262900638	0.00412701636088798
0.013725358476699527	0.004124920578536154
0.01372436672903422	0.004122833276836946
0.013723377013638719	0.004120754416882626
0.013722389324272681	0.0041186839599772745
0.013721403654721302	0.004116621867635442
0.013720076713137613	0.004113851834999742
0.013718074570207813	0.004109679935248285
0.013716076509118843	0.00410552486269476
0.013714082517400732	0.004101386540535141
0.013712092582634226	0.004097264892381158
0.01371010669245059	0.004093159842257697
0.01370812483453128	0.004089071314600133
0.01370614699660775	0.004084999234251772
0.01370417316646117	0.004080943526461257
0.013702203331922168	0.00407690411688
0.013700237480870611	0.004072880931559653
0.013698275601235314	0.004068873896949582
0.01369631768099384	0.004064882939894359
0.013694363708172204	0.004060907987631263
0.013692413670844672	0.004056948967787836
0.01369046755713349	0.00405300580837941
0.013688525355208658	0.004049078437806688
0.0136865870532877	0.0040451667848533214
0.013684652639635387	0.004041270778683509
0.013682722102563539	0.004037390348839617
0.013680795430430777	0.004033525425239824
0.013678872611642275	0.004029675938175759
0.013676953634649554	0.0040258418183101875
0.013675038487950236	0.004022022996674685
0.013673127160087804	0.004018219404667344
0.013671219639651393	0.0040144309740504985
0.013669315915275551	0.004010657636948451
0.013667415975640019	0.004006899325845236
0.013665519809469503	0.004003155973582375
0.013663627405533453	0.003999427513356672
0.013661738752645843	0.003995713878718015
0.013659853839664934	0.003992015003567167
0.013657972655493093	0.00398833082215364
0.013656095189076529	0.003984661269073497
0.013654221429405113	0.003981006279267247
0.013652351365512136	0.0039773657880177
0.01365048498647413	0.0039737397309478895
0.013648622281410602	0.0039701280440189255
0.013646763239483876	0.0039665306635279785
0.013644907849898856	0.003962947526106175
0.013643056101902815	0.003959378568716562
0.013641207984785195	0.003955823728652071
0.013639363487877403	0.003952282943533504
0.013637522600552602	0.0039487561513075154
0.013635685312225502	0.003945243290244633
0.013633851612352168	0.003941744298937273
0.013632021490429809	0.003938259116297776
0.013630194935996572	0.003934787681556457
0.013628371938631367	0.00393132993425968
0.013626552487953643	0.003927885814267918
0.013624736573623203	0.003924455261753852
0.013622924185340005	0.003921038217200484
0.01362111531284398	0.0039176346213992365
0.0136193099459148	0.003914244415448091
0.013617508074371737	0.0039108675407497386
0.013615709688073433	0.003907503939009727
0.013613914776917743	0.003904153552234636
0.013612123330841502	0.003900816322730251
0.013610335339820371	0.003897492193099765
0.013608550793868648	0.003894181106241991
0.013606769683039066	0.003890883005349563
0.01360499199742261	0.0038875978339071816
0.013603217727148368	0.0038843255356898676
0.013601446862383284	0.0038810660547611902
0.013599679393332034	0.003877819335471559
0.013597915310236826	0.0038745853224565058
0.013596154603377203	0.00387136396063495
0.013594397263069893	0.0038681551952075323
0.013592643279668613	0.0038649589716549153
0.013590892643563899	0.0038617752357361142
0.013589145345182938	0.003858603933486841
0.013587401374989361	0.0038554450112178312
0.013585660723483124	0.003852298415513244
0.013583923381200281	0.0038491640932290004
0.013582189338712844	0.003846041991491179
0.013580458586628607	0.0038429320576944207
0.013578431247210018	0.00383929683052901
0.013575915758595302	0.003834794925980359
0.013573405029656302	0.003830310545708456
0.013570899046896769	0.0038258436145097866
0.013568397796871438	0.0038213940575611686
0.01356590126618578	0.0038169618004174895
0.013563409441495755	0.003812546769009496
0.013560922309507603	0.003808148889641566
0.013558439856977559	0.0038037680889895006
0.013555962070711667	0.0037994042940983457
0.013553488937565531	0.003795057432380227
0.013551020444444055	0.003790727431612169
0.01354855657830125	0.003786414219933971
0.013546097326139983	0.003782117725846066
0.013543642675011763	0.003777837878207427
0.013541192612016494	0.0037735746062334393
0.01353874712430226	0.00376932783949383
0.013536306199065103	0.0037650975079105992
0.013533869823548803	0.003760883541755955
0.013531437985044633	0.0037566858716502637
0.013529010670891177	0.0037525044285600397
0.013526587868474053	0.0037483391437958965
0.013524169565225768	0.0037441899490105834
0.013521755748625441	0.0037400567761969607
0.013519346406198606	0.0037359395576860386
0.013516941525517008	0.0037318382261450193
0.013514541094198376	0.0037277527145753316
0.013512145099906205	0.003723682956310699
0.013509753530349573	0.0037196288850152286
0.013507366373282896	0.003715590434681476
0.013504983616505739	0.003711567539628565
0.013502605247862615	0.0037075601345002976
0.013500231255242755	0.0037035681542632757
0.013497861626579915	0.00369959153420504
0.013495496349852178	0.003695630209932219
0.013493135413081739	0.0036916841173687057
0.013490778804334703	0.0036877531927538105
0.01348842651172091	0.0036838373726404763
0.013486078523393692	0.0036799365938934544
0.013483734827549703	0.0036760507936875247
0.013481395412428723	0.0036721799095057236
0.013479060266313436	0.0036683238791375664
0.013476729377529261	0.003664482640677303
0.01347440273444414	0.0036606561325221764
0.013472080325468372	0.0036568442933706913
0.013469762139054379	0.0036530470622208903
0.013467448163696535	0.0036492643783686456
0.013465138387930998	0.0036454961814059708
0.013462832800335476	0.0036417424112193293
0.013460531389529073	0.0036380030079879574
0.013458234144172103	0.003634277912182208
0.013455941052965865	0.003630567064561883
0.013453652104652502	0.0036268704061746143
0.013451367288014791	0.0036231878783542053
0.013449086591875978	0.003619519422719042
0.01344681000509958	0.0036158649811704486
0.013444537516589205	0.0036122244958911153
0.013442269115288376	0.0036085979093434892
0.013440004790180368	0.003604985164268211
0.013437744530287989	0.003601386203682536
0.013435488324673448	0.003597800970878781
0.01343323616243814	0.0035942294094227674
0.013430988032722507	0.0035906714631522996
0.01342874392470582	0.0035871270761756125
0.01342650382760606	0.003583596192869876
0.013424267730679689	0.0035800787578796726
0.013422035623221522	0.0035765747161155006
0.013419807494564524	0.003573084012752287
0.01341758333407967	0.0035696065932279055
0.01341536313117575	0.003566142403241707
0.013413146875299216	0.003562691388753053
0.013410934555934	0.0035592534959798796
0.013408726162601383	0.0035558286713972373
0.013406521684859778	0.0035524168617358694
0.01340432111230461	0.0035490180139807815
0.013402124434568122	0.003545632075369827
0.013399931641319227	0.0035422589933923115
0.01339774272226336	0.00353889871578758
0.013395557667142266	0.0035355511905436413
0.01339337646573392	0.0035322163658957923
0.013391199107852279	0.003528894190325222
0.013389025583347189	0.0035255846125576864
0.013386855882104202	0.0035222875815621273
0.013384689994044425	0.0035190030465493487
0.01338252790912434	0.003515730956970655
0.0133803696173357	0.0035124712625165563
0.013378215108705321	0.0035092239131154224
0.013376064373294957	0.003505988858932181
0.013373917401201148	0.00350276605036703
0.013371774182555057	0.0034995554380541196
0.01336963470752232	0.0034963569728602823
0.013367498966302904	0.0034931706058837463
0.013365366949130951	0.0034899962884528744
0.013363238646274627	0.003486833972124897
0.013361114048035982	0.003483683608684659
0.013358993144750796	0.003480545150143376
0.013356875926788438	0.003477418548737394
0.013354762384551702	0.0034743037569269584
0.013352652508476701	0.0034712007273949947
0.013350546289032672	0.0034681094130458914
0.013348443716721885	0.0034650297670042987
0.013346344782079453	0.0034619617426139134
0.013344249475673229	0.0034589052934363073
0.013342157788103617	0.0034558603732497226
0.01334006971000351	0.003452826936047917
0.01333798523203805	0.003449804936038966
0.013335904344904575	0.0034467943276441245
0.013333827039332431	0.0034437950654966623
0.013331753306082848	0.0034408071044407062
0.013329683135948817	0.0034378303995301228
0.013327616519754932	0.003434864906027359
0.013325553448357267	0.0034319105794023306
0.013323493912643224	0.0034289673753312906
0.013321437903531432	0.0034260352496957346
0.013319385411971588	0.0034231141585812724
0.013317336428944324	0.0034202040582765464
0.013315290945461087	0.00341730490527213
0.013313248952563993	0.00341441665625944
0.013311210441325726	0.0034115392681296716
0.013309175402849358	0.0034086726979727024
0.013307143828268272	0.0034058169030760518
0.013305115708745999	0.0034029718409238022
0.013303091035476092	0.003400137469195555
0.013301069799682035	0.0033973137457653903
0.013299051992617054	0.0033945006287008075
0.01329703760556405	0.003391698076261715
0.013295026629835439	0.0033889060468993903
0.01329301905677303	0.003386124499255457
0.013291014877747927	0.0033833533921608784
0.013289014084160361	0.0033805926846349407
0.013287016667439613	0.003377842335884264
0.013285022619043853	0.003375102305301787
0.013283031930460057	0.0033723725524657964
0.013281044593203832	0.0033696530371389232
0.013279060598819368	0.0033669437192671904
0.013277079938879242	0.0033642445589790104
0.01327510260498436	0.0033615555165842446
0.013273128588763793	0.0033588765525732287
0.0132711578818747	0.0033562076276158243
0.013269190476002165	0.003353548702560464
0.013267226362859132	0.0033508997384332235
0.013265265534186232	0.0033482606964368605
0.013263307981751717	0.003345631537949905
0.013261353697351316	0.0033430122245257233
0.013259402672808129	0.0033404027178915983
0.013257454899972517	0.003337802979947818
0.013255510370721974	0.0033352129727667592
0.013253569076961035	0.0033326326585919963
0.013251631010621146	0.0033300619998373904
0.013249696163660556	0.003327500959086198
0.013247764528064214	0.003324949499090195
0.01324583609584366	0.0033224075827687828
0.01324391085903689	0.0033198751732081136
0.013241988809708278	0.003317352233660223
0.013240069939948447	0.003314838727542158
0.013238154241874169	0.003312334618435119
0.013236241707628252	0.0033098398700836034
0.013234332329379444	0.0033073544463945617
0.013232426099322306	0.0033048783114365335
0.013230523009677126	0.0033024114294388255
0.013228623052689799	0.0032999537647906653
0.013226726220631722	0.0032975052820403694
0.013224832505799712	0.003295065945894534
0.013222941900515862	0.003292635721217184
0.013221054397127478	0.0032902145730289893
0.013219169988006936	0.0032878024665064292
0.013217288665551625	0.0032853993669810008
0.013215410422183802	0.00328300523993841
0.013213535250350511	0.0032806200510177765
0.013211663142523491	0.003278243766010845
0.013209794091199038	0.003275876350861187
0.013207928088897956	0.0032735177716634338
0.013206065128165415	0.003271167994662488
0.013204205201570883	0.0032688269862527525
0.013202348301707988	0.003266494712977355
0.013200494421194454	0.003264171141527395
0.013198643552672022	0.0032618562387411883
0.013196795688806271	0.0032595499716034804
0.013194950822286616	0.0032572523072447353
0.013193108945826154	0.003254963212940365
0.013191270052161572	0.0032526826561099864
0.013189434134053088	0.0032504106043167013
0.013187601184284307	0.0032481470252663405
0.013185771195662168	0.003245891886806755
0.013183944161016814	0.00324364515692707
0.013182120073201534	0.003241406803756987
0.013180298925092648	0.003239176795566052
0.013178480709589411	0.0032369551007629454
0.013176665419613934	0.003234741687894775
0.013174853048111088	0.003232536525646376
0.013173043588048407	0.003230339582839606
0.013171237032416	0.003228150828432648
0.01316943337422647	0.003225970231519329
0.013167632606514806	0.003223797761328411
0.013165834722338315	0.003221633387222939
0.013164039714776499	0.0032194770786995236
0.013162247576931012	0.0032173288053876977
0.013160458301925538	0.0032151885370492314
0.0131586718829057	0.0032130562435774505
0.013156888313039006	0.003210931894996603
0.013155107585514724	0.003208815461461167
0.013153329693543839	0.003206706913255225
0.013151554630358895	0.0032046062207917734
0.013149782389213988	0.0032025133546121094
0.01314801296338465	0.003200428285385173
0.013146246346167734	0.0031983509839068913
0.013144482530881378	0.003196281421099566
0.01314272151086489	0.003194219568011217
0.013140963279478671	0.003192165395814965
0.013139207830104142	0.003190118875808403
0.01313745515614364	0.003188079979412966
0.01313570525102036	0.003186048678173321
0.013133958108178252	0.0031840249437567417
0.013132213721081958	0.0031820087479525064
0.0131304720832167	0.003180000062671274
0.013128733188088243	0.0031779988599444954
0.013126997029222768	0.003176005111923795
0.013125263600166834	0.0031740187908803888
0.013123532894487262	0.0031720398692044703
0.013121804905771079	0.003170068319404637
0.013120079627625432	0.003168104114107292
0.0131183570536775	0.003166147226056053
0.013116637177574447	0.00316419762811119
0.013114919992983285	0.0031622552932490233
0.013113205493590864	0.0031603201945613647
0.013111493673103738	0.0031583923052549345
0.013109784525248133	0.0031564715986508083
0.013108078043769834	0.0031545580481838324
0.013106374222434141	0.003152651627402076
0.013104673055025757	0.0031507523099662616
0.01310297453534875	0.0031488600696492194
0.013101278657226451	0.0031469748803353258
0.013099585414501392	0.0031450967160199603
0.013097894801035221	0.00314322555080895
0.013096206810708638	0.003141361358918034
0.01309452143742132	0.0031395041146723215
0.01309283867509185	0.003137653792505756
0.013091158517657624	0.0031358103669605728
0.013089480959074808	0.003133973812686778
0.013087805993318232	0.003132144104441609
0.01308613361438136	0.0031303212170890205
0.013084463816276187	0.0031285051255991597
0.013082796593033161	0.0031266958050478345
0.013081131938701144	0.0031248932306160116
0.013079469847347312	0.0031230973775892993
0.013077810313057098	0.0031213082213574286
0.013076153329934125	0.0031195257374137557
0.01307449889210013	0.0031177499013547516
0.01307284699369489	0.0031159806888794985
0.01307119762887616	0.003114218075789193
0.013069550791819609	0.003112462037986653
0.013067906476718728	0.003110712551475807
0.013066264677784798	0.0031089695923612283
0.01306462538924679	0.0031072331368476236
0.013062700580110487	0.003105199047848766
0.013057290695050421	0.003099493775284589
0.013051889063056812	0.0030938097969065576
0.013046495665258315	0.003088147035256409
0.013041110482841074	0.0030825054131994227
0.013035733497048525	0.003076884853922865
0.013030364689181128	0.0030712852809344215
0.013025004040596207	0.003065706618060662
0.013019651532707698	0.0030601487894454946
0.013014307146985937	0.0030546117195486347
0.013008970864957458	0.0030490953331440912
0.013003642668204786	0.003043599555318647
0.012998322538366192	0.0030381243114703544
0.012993010457135525	0.003032669527307046
0.012987706406261974	0.003027235128844836
0.012982410367549864	0.0030218210424066494
0.012977122322858445	0.00301642719462074
0.012971842254101713	0.0030110535124192447
0.012966570143248148	0.0030056999230367006
0.012961305972320574	0.003000366354008628
0.012956049723395903	0.0029950527331700644
0.012950801378604946	0.002989758988654144
0.012945560920132231	0.002984485048890681
0.01294032833021579	0.0029792308426047406
0.012935103591146926	0.0029739962988152295
0.012929886685270078	0.0029687813468335126
0.012924677594982552	0.0029635859162619963
0.012919476302734378	0.0029584099369927624
0.012914282791028096	0.002953253339206181
0.012909097042418528	0.0029481160533695325
0.012903919039512629	0.0029429980102356618
0.01289874876496928	0.0029378991408416134
0.01289358620149908	0.002932819376507281
0.012888431331864153	0.002927758648834066
0.012883284138877975	0.00292271688970355
0.012878144605405168	0.0029176940312761624
0.01287301271436132	0.0029126900059898665
0.012867888448712774	0.002907704746558837
0.012862771791476477	0.002902738185972171
0.01285766272571977	0.0028977902574925806
0.012852561234560175	0.00289286089465509
0.012847467301165257	0.002887950031265773
0.012842380908752428	0.00288305760140047
0.012837302040588722	0.002878183539403502
0.012832230679990671	0.0028733277798864308
0.012827166810324076	0.0028684902577267844
0.012822110415003859	0.002863670908066814
0.01281706147749385	0.0028588696663122536
0.012812019981306617	0.0028540864681310734
0.012806985910003319	0.0028493212494522663
0.012801959247193476	0.0028445739464646055
0.012796939976534825	0.002839844495615442
0.012791928081733128	0.002835132833609491
0.012786923546542005	0.0028304388974076233
0.012781926354762756	0.0028257626242256728
0.012776936490244185	0.002821103951533248
0.012771953936882408	0.0028164628170525372
0.012766978678620726	0.002811839158757143
0.012762010699449409	0.0028072329148709054
0.012757049983405534	0.0028026440238667263
0.012752096514572823	0.002798072424465426
0.012747150277081475	0.0027935180556345855
0.012742211255107987	0.0027889808565873878
0.01273727943287498	0.0027844607667814924
0.012732354794651055	0.0027799577259178913
0.012727437324750599	0.002775471673939783
0.012722527007533638	0.002771002551031451
0.012717623827405652	0.0027665502976171367
0.012712727768817433	0.0027621148543599495
0.012707838816264895	0.0027576961621607306
0.012702956954288943	0.0027532941621569913
0.012698082167475276	0.0027489087957217836
0.012693214440454242	0.0027445400044626353
0.012688353757900676	0.0027401877302204603
0.01268350010453374	0.0027358519150684803
0.012678653465116749	0.0027315325013111584
0.01267381382445705	0.0027272294314831377
0.012668981167405799	0.0027229426483481624
0.01266415547885787	0.0027186720948980535
0.012659336743751647	0.002714417714351635
0.01265452494706891	0.002710179450153706
0.012649720073834636	0.0027059572459739965
0.012644922109116868	0.0027017510457061364
0.012640131038026577	0.002697560793466634
0.012635346845717462	0.0026933864335938465
0.01263056951738583	0.002689227910646969
0.01262579903827045	0.002685085169405031
0.01262103539365236	0.0026809581548658716
0.012616278568854774	0.0026768468122451636
0.01261152854924288	0.002672751086975403
0.012606785320223714	0.0026686709247049204
0.012602048867246004	0.002664606271296906
0.01259731917580002	0.002660557072828415
0.012592596231417442	0.002656523275589418
0.012587880019671187	0.002652504826081801
0.012583170526175289	0.0026485016710184285
0.01257846773658472	0.0026445137573221666
0.012573771636595277	0.002640541032124938
0.012569082211943415	0.002636583442766771
0.012564399448406116	0.0026326409367948556
0.012559723331800735	0.0026287134619626
0.01255505384798487	0.0026248009662287065
0.01255039098285619	0.0026209033977562255
0.012545734722352344	0.00261702070491165
0.01254108505245077	0.002613152836263982
0.012536441959168575	0.0026092997405838224
0.012531805428562401	0.0026054613668424565
0.012527175446728264	0.0026016376642109544
0.012522551999801441	0.002597828582059266
0.012517935073956328	0.0025940340699553287
0.012513324655406274	0.002590254077664166
0.012508295569590325	0.002586140881550589
0.012503199236333334	0.002581982731060962
0.012498110070914961	0.0025778405102325256
0.012493028058223811	0.002573714164243233
0.01248795318319093	0.0025696036384846464
0.01248288543078968	0.0025655088785609854
0.012477824786035555	0.002561429830288166
0.01247277123398606	0.002557366439692857
0.012467724759740558	0.002553318653011534
0.012462685348440111	0.0025492864166895405
0.012457652985267362	0.002545269677380157
0.012452627655446356	0.0025412683819436626
0.012447609344242418	0.002537282477446422
0.012442598036962002	0.002533311911159956
0.01243759371895255	0.0025293566305600295
0.012432596375602345	0.0025254165833257453
0.012427605992340367	0.0025214917173386224
0.012422622554636168	0.002517581980681724
0.012417646047999711	0.002513687321638727
0.01241267645798123	0.0025098076886930507
0.012407713770171108	0.0025059430305269656
0.012402757970199726	0.0025020932960207022
0.012397809043737319	0.0024982584342515867
0.012392866976493846	0.002494438394493148
0.012387931754218852	0.002490633126214267
0.012383003362701338	0.0024868425790782974
0.012378081787769599	0.0024830667029422087
0.012373167015291116	0.0024793054478557297
0.012368259031172411	0.002475558764060499
0.012363357821358908	0.002471826601989212
0.012358463371834803	0.0024681089122647786
0.012353575668622933	0.002464405645699487
0.012348694697784626	0.0024607167532941588
0.012343820445419606	0.0024570421862373333
0.012338952897665813	0.0024533818959044254
0.012334092040699312	0.0024497358338569086
0.012329237860734138	0.0024461039518415017
0.012324390344022178	0.0024424862017893454
0.012319549476853032	0.0024388825358151955
0.012314715245553892	0.0024352929062166177
0.012309887636489405	0.002431717265473183
0.012305066636061561	0.0024281555662456714
0.01230025223070954	0.0024246077613752767
0.01229544440690961	0.002421073803882817
0.012290643151174972	0.0024175536469679395
0.012285848450055679	0.0024140472440083586
0.012281060290138455	0.0024105545485590516
0.012276278658046614	0.002407075514351505
0.012271503540439908	0.002403610095292931
0.012266734924014432	0.002400158245465508
0.012261972795502452	0.0023967199191256092
0.012257217141672338	0.002393295070703054
0.012252467949328409	0.0023898836548003413
0.012247725205310808	0.0023864856261919054
0.012242988896495405	0.0023831009398233667
0.012238259009793646	0.0023797295508107812
0.012233535532152466	0.00237637141443991
0.012228818450554131	0.0023730264861654723
0.012224107752016143	0.0023696947216104176
0.012219403423591116	0.002366376076565192
0.01221470545236667	0.0023630705069870236
0.012210013825465278	0.002359777968999179
0.012205328530044187	0.0023564984188902635
0.012200649553295275	0.0023532318131134974
0.012195976882444943	0.002349978108286003
0.012191310504754008	0.0023467372611881004
0.012186650407517572	0.0023435092287626014
0.012181996578064909	0.0023402939681141026
0.012177349003759356	0.0023370914365082925
0.012172707671998212	0.002333901591371265
0.012166516808739019	0.0023296586884120818
0.012158702080913818	0.0023243160442178445
0.012150897828595082	0.0023189946039789172
0.01214310403073357	0.0023136942968913165
0.012135320666336403	0.0023084150524160666
0.012127547714466851	0.00230315680027807
0.012119785154244184	0.0022979194704649706
0.012112032964843464	0.0022927029932260255
0.012104291125495343	0.0022875072990709818
0.012096559615485914	0.002282332318768967
0.012088838414156495	0.0022771779833473723
0.012081127500903469	0.0022720442240907485
0.012073426855178074	0.0022669309725397023
0.012065736456486245	0.002261838160489812
0.012058056284388425	0.002256765719990527
0.01205038631849937	0.002251713583344088
0.012042726538487987	0.0022466816831044497
0.012035076924077154	0.0022416699520762065
0.012027437455043522	0.002236678323313521
0.01201980811121736	0.0022317067301190663
0.012012188872482354	0.002226755106042962
0.012004579718775457	0.002221823384881725
0.01199698063008669	0.002216911500677225
0.01198939158645898	0.0022120193877156343
0.011981812567987978	0.002207146980526392
0.011974243554821889	0.0022022942138811797
0.01196668452716129	0.0021974610227928812
0.011959135465258985	0.002192647342514571
0.01195159634941979	0.0021878531085384872
0.011944067160000394	0.0021830782565950262
0.011936547877409186	0.0021783227226517344
0.011929038482106066	0.002173586442912296
0.011921538954602285	0.002168869353815546
0.011914049275460305	0.002164171392034474
0.011906569425293573	0.0021594924944752297
0.011899099384766404	0.0021548325982761454
0.01189163913459379	0.002150191640806755
0.011884188655541247	0.002145569559666819
0.01187674792842464	0.002140966292685355
0.01186931693411001	0.002136381777919672
0.011861895653513446	0.0021318159536544137
0.011854484067600868	0.0021272687584005957
0.011847082157387917	0.0021227401308946616
0.01183968990393976	0.002118230010097531
0.011832307288370932	0.002113738335193658
0.011824934291845193	0.0021092650455900998
0.011817570895575346	0.002104810080915573
0.011810217080823093	0.0021003733810195328
0.011802872828898863	0.002095954885971246
0.011795538121161672	0.0020915545360588707
0.011788212939018947	0.0020871722717885443
0.011779161100567705	0.0020817730676291482
0.011768251757007063	0.0020752833675732564
0.011757356553878773	0.002068820407805646
0.011746475463707901	0.0020623841007805063
0.01173560845909065	0.0020559743592707645
0.01172475551269412	0.002049591096366754
0.011713916597256086	0.0020432342254748962
0.011703091685584767	0.002036903660316382
0.011692280750558602	0.0020305993149258607
0.011681483765126021	0.0020243211036501444
0.011670700702305211	0.0020180689411469
0.011659931535183916	0.0020118427423833646
0.011649176236919185	0.0020056424226350613
0.011638434780737164	0.0019994678974845142
0.011627707139932867	0.001993319082819982
0.011616993287869961	0.001987195894834187
0.01160629319798055	0.001981098250023059
0.011595606843764938	0.001975026065184472
0.01158493419879142	0.001968979257417003
0.011574275236696078	0.0019629577441186864
0.011563629931182536	0.0019569614429857753
0.011552998256021761	0.0019509902720115109
0.011542380185051854	0.0019450441494848975
0.011531775692177814	0.0019391229939894812
0.011521184751371346	0.0019332267244021356
0.011508416734475278	0.001926139494046282
0.011495349458661224	0.0019189072352171458
0.011482298850290815	0.0019117054607023845
0.011469264877495128	0.0019045340715913672
0.01145624750848644	0.0018973929693288994
0.011443246711557966	0.0018902820557137622
0.011430262455083601	0.0018832012328972537
0.011417294707517662	0.0018761504033817504
0.011404343437394621	0.0018691294700192563
0.011391408613328883	0.0018621383360099839
0.011378490204014496	0.0018551769049009164
0.011365588178224924	0.0018482450805843943
0.011352702504812776	0.0018413427672966968
0.011339833152709575	0.0018344698696166409
0.011326980090925488	0.0018276262924641763
0.0113141432885491	0.001820811941098998
0.011301322714747146	0.0018140267211191523
0.011288518338764274	0.0018072705384596613
0.011275730129922789	0.0018005432993911429
0.011262958057622435	0.0017938449105184538
0.01125020209134011	0.001787175278779315
0.011237462200629659	0.0017805343114429655
0.011224675090510566	0.0017738890812239796
0.01121153880136354	0.0017670831818384367
0.011198419035850664	0.0017603066277780933
0.011185315762814856	0.0017535593245425563
0.01117222895117734	0.0017468411779672241
0.011159158569937358	0.0017401520942219122
0.011146104588171958	0.0017334919798095054
0.011133066975035726	0.001726860741564602
0.01112004569976057	0.0017202582866521785
0.01110704073165545	0.0017136845225662425
0.011094052040106158	0.001707139357128506
0.011081079594575062	0.0017006226984870613
0.011068123364600883	0.001694134455115063
0.011055183319798436	0.0016876745358094059
0.011042259429858418	0.0016812428496894307
0.011029351664547143	0.0016748393061956136
0.011016459993706334	0.0016684638150882766
0.011003584387252862	0.0016621162864462946
0.010990724815178536	0.0016557966306658158
0.010977881247549852	0.0016495047584589822
0.010965053654507773	0.001643240580852659
0.010952242006267486	0.0016370040091871658
0.01093944627311818	0.001630794955115024
0.010926666425422817	0.0016246133305996959
0.010913902433617893	0.001618459047914337
0.010901154268213226	0.0016123320196405593
0.010888421899791707	0.0016062321586671857
0.010875705299009103	0.0016001593781890273
0.010863004436593804	0.0015941135917056494
0.010850319283346614	0.0015880947130201594
0.010837649810140518	0.0015821026562379838
0.010824995987920473	0.0015761373357656675
0.010812357787703168	0.0015701986663096625
0.010799735180576815	0.001564286562875137
0.010787128137700927	0.0015584009407647776
0.010774536630306095	0.0015525417155776045
0.010761960629693767	0.001546708803207787
0.010749400107236037	0.0015409021198434702
0.010736855034375428	0.0015351215819656026
0.010724325382624666	0.0015293671063467706
0.010711811123566475	0.001523638610050036
0.010699312228853348	0.0015179360104277824
0.010686828670207357	0.001512259225120566
0.010674360419419913	0.0015066081720559676
0.010661907448351573	0.0015009827694474568
0.01064946972893181	0.0014953829357932523
0.010637047233158834	0.001489808589875198
0.010624639933099339	0.0014842596507576359
0.01061224780088833	0.0014787360377862852
0.01059987080872889	0.0014732376705871306
0.01058750892889199	0.001467764469065312
0.01057516213371627	0.0014623163534040206
0.010562830395607837	0.0014568932440633974
0.01055051368704006	0.0014514950617794439
0.010538211980553365	0.0014461217275629267
0.010525925248755027	0.0014407731626982967
0.010513653464318977	0.0014354492887426067
0.01050139659998558	0.001430150027524442
0.01048915462856146	0.0014248753011428421
0.010476927522919281	0.001419625031966243
0.010464715255997535	0.0014143991426314101
0.010452517800800379	0.0014091975560423886
0.0104403351303974	0.0014040201953694495
0.010428167217923438	0.0013988669840480413
0.010416014036578379	0.0013937378457777529
0.010403875559626963	0.0013886327045212722
0.01039175176039858	0.0013835514845033558
0.010379642612287094	0.0013784941102098032
0.010367548088750619	0.0013734605063864275
0.010355468163311352	0.001368450598038045
0.010343402809555367	0.001363464310427453
0.010331352001132419	0.001358501569074425
0.010319315711755764	0.0013535622997547063
0.01030729391520196	0.0013486464284990078
0.010295286585310676	0.0013437538815920158
0.010283293695984502	0.0013388845855713978
0.010271315221188768	0.0013340384672268137
0.010259351134951352	0.0013292154535989368
0.010247401411362475	0.0013244154719784683
0.010235466024574548	0.0013196384499051714
0.010223544948801953	0.0013148843151668949
0.010211638158320878	0.0013101529957986087
0.01019974562746912	0.0013054444200814438
0.01018786733064591	0.0013007585165417362
0.010175738688873366	0.0012959913645212255
0.010162950687496137	0.0012909832057925487
0.010150177964495698	0.0012859992842628248
0.010137420492507803	0.001281039523848406
0.010124678244233494	0.0012761038487251603
0.010111951192438939	0.0012711921833274695
0.010099239309955226	0.0012663044523472259
0.010086542569678163	0.001261440580732832
0.010073860944568098	0.001256600493688214
0.010061194407649715	0.0012517841166718264
0.01004846028485832	0.0012469601054588082
0.010035573656423	0.0012420965015308952
0.01002270233277204	0.0012372568505581987
0.010009846286656576	0.0012324410775516317
0.009997005490892373	0.0012276491077767016
0.009984179918359664	0.0012228808667525337
0.00997136954200294	0.0012181362802508905
0.009958574334830772	0.0012134152742951996
0.009945794269915613	0.0012087177751595847
0.00993302932039361	0.0012040437093679005
0.009920165843913972	0.0011993516211584068
0.009906955532016069	0.001194551416473706
0.009893760816708366	0.001189775293010827
0.009880581670386277	0.0011850231755763574
0.009866809081091596	0.0011800765343732182
0.009851816089207797	0.0011747121068561041
0.009836840756913968	0.001169374798323074
0.009821883053027785	0.0011640645241822473
0.00980694294644029	0.001158781200127104
0.009792020406115683	0.0011535247421353865
0.009777115401091108	0.0011482950664680185
0.009762227900476423	0.0011430920896680146
0.009747357873454012	0.0011379157285594092
0.009732505289278548	0.0011327659002461766
0.009717670117276794	0.0011276425221111673
0.00970285232684739	0.0011225455118150402
0.009688051887460648	0.0011174747872952052
0.009673268768658323	0.0011124302667647676
0.009657954054813782	0.0011072253582132194
0.009642597799169202	0.001102027300764074
0.00962725948307561	0.0010968562732313262
0.009611939075115228	0.0010917121915955334
0.009596636543943595	0.0010865949721188856
0.009581351858289365	0.0010815045313441363
0.009566084986954078	0.0010764407860935348
0.00955083589881196	0.0010714036534677667
0.009535604562809705	0.0010663930508448957
0.009520390947966268	0.001061408895879313
0.009505195023372649	0.001056451106500687
0.009490016758191687	0.001051519600912925
0.009474856121657858	0.0010466142975931307
0.009459555517231334	0.001041684422114824
0.009443885213766115	0.0010366564655777406
0.00942823307876868	0.0010316554034456697
0.009412599080660005	0.0010266811523806777
0.0093969831879342	0.00102173362932256
0.009381385369158309	0.0010168127514877895
0.009365805592972093	0.0010119184363684744
0.00935024382808783	0.001007050601731321
0.009334700043290086	0.0010022091656165914
0.009319174207435528	0.0009973940463370806
0.009303666289452702	0.000992605162477085
0.009288176258341826	0.0009878424328913832
0.009272704083174592	0.0009831057767042163
0.00925724973309396	0.0009783951133082774
0.009241813177313936	0.0009737103623636988
0.00922639438511939	0.0009690514437970515
0.009210993325865837	0.0009644182778003417
0.009195609968979246	0.0009598107848300174
0.00918024428395582	0.0009552288856059731
0.00916489624036181	0.000950672501110565
0.009149565807833318	0.0009461415525876282
0.009134252956076068	0.0009416359615414917
0.00911895765486525	0.0009371556497360127
0.009103679874045277	0.0009327005391935965
0.00908841958352962	0.0009282705521942354
0.009073176753300594	0.0009238656112745425
0.009057951353409166	0.0009194856392267963
0.00904274335397476	0.0009151305590979837
0.00902755272518505	0.0009108002941888491
0.009012379437295786	0.0009064947680529492
0.008997223460630583	0.0009022139044957112
0.008982084765580732	0.0008979576275734912
0.008966963322605014	0.0008937258615926423
0.008951859102229495	0.0008895185311085828
0.00893677207504735	0.0008853355609248696
0.008921702211718646	0.000881176876092274
0.0089066494829702	0.0008770424019078678
0.008891613859595325	0.0008729320639140989
0.008876595312453698	0.000868845787897891
0.008861593812471145	0.0008647834998897275
0.008846609330639452	0.0008607451261627527
0.008831641838016182	0.0008567305932318694
0.0088166913057245	0.000852739827852845
0.008801757704952963	0.0008487727570214173
0.008786841006955365	0.0008448293079724081
0.008771941183050521	0.0008409094081788358
0.008757058204622113	0.0008370129853510367
0.008742192043118482	0.000833139967435787
0.00872734267005246	0.0008292902826154266
0.008712510057001186	0.0008254638593069937
0.008697694175605918	0.0008216606261613544
0.008682894997571865	0.0008178805120623422
0.00866811249466799	0.0008141234461258969
0.008653346638726845	0.0008103893576992109
0.008638597401644386	0.000806678176359875
0.008623864755379788	0.0008029898319150332
0.00860866619495221	0.0007992042861112257
0.008592416702282068	0.0007951772945973005
0.008576185457217392	0.0007911753166678588
0.008559972429038314	0.0007871982757345162
0.00854377758709387	0.0007832460954580103
0.008527600900801836	0.0007793186997472907
0.008511442339648501	0.0007754160127586025
0.008495282075956446	0.0007715332144029596
0.008478177742985808	0.0007674450221064762
0.008461092542378673	0.0007633828035860537
0.008444026442051703	0.0007593464794185487
0.008426979409993252	0.0007553359704384062
0.008409951414263178	0.0007513511977367156
0.008392942422992624	0.0007473920826602727
0.008375952404383833	0.0007434585468106445
0.008358981326709942	0.0007395505120432386
0.0083420291583148	0.0007356679004663761
0.008325095867612747	0.0007318106344403681
0.008308181423088437	0.0007279786365765961
0.008291285793296636	0.0007241718297365964
0.008274408946862023	0.0007203901370311486
0.008257550852479005	0.0007166334818193667
0.008240711478911516	0.0007129017877077954
0.008223890794992823	0.0007091949785495097
0.008207088769625342	0.0007055129784432166
0.008190305371780445	0.0007018557117323633
0.008173540570498253	0.0006982231030042468
0.008156794334887474	0.0006946150770891281
0.008140066634125183	0.00069103155905935
0.008123357437456655	0.0006874724742284579
0.00810666671419517	0.0006839377481503268
0.008089994433721819	0.0006804273066182867
0.008073340565485324	0.0006769410756642567
0.008056705079001848	0.0006734789815578807
0.008039894538605506	0.0006700009696816683
0.00802302478451595	0.0006665312021576033
0.008006173619687097	0.0006630857421026611
0.007989341013409819	0.0006596645155407016
0.007972526935042587	0.000656267448732852
0.007955731354011293	0.0006528944681766473
0.007938954239809061	0.0006495455006051789
0.00792219556199606	0.0006462204729862429
0.00790545529019933	0.000642919312521495
0.007888733394112583	0.0006396419466456055
0.00787202984349604	0.0006363883030254213
0.007855344608176221	0.0006331583095591284
0.007838677658045797	0.0006299518943754193
0.007822028963063377	0.000626768985832664
0.007805398493253355	0.0006236095125180833
0.007787782144666472	0.0006202840773868136
0.007769581481682674	0.0006168698948070021
0.007751400710133834	0.0006134811828474474
0.007733239797428846	0.0006101178641766028
0.007715098711047775	0.000606779861709453
0.007696977418541636	0.0006034670986066297
0.007678875887532239	0.0006001794982735326
0.00766079408571195	0.0005969169843594476
0.007642731980843535	0.0005936794807566786
0.00762468954075995	0.0005904669115996741
0.007606666733364163	0.0005872792012641628
0.0075886635266289495	0.0005841162743662891
0.007570679888596705	0.0005809780557617529
0.007552715787379271	0.0005778644705449558
0.007534771191157729	0.0005747754440481479
0.007516846068182227	0.0005717109018405775
0.007498940386771772	0.0005686707697276456
0.007481054115314066	0.000565654973750065
0.007463187222265303	0.0005626634401830195
0.0074433830265980905	0.0005593711610450371
0.007422587677740424	0.0005559380960955823
0.007401814822499692	0.0005525330751503302
0.0073810644243997615	0.0005491560132988578
0.007360336447043319	0.0005458068258994021
0.00733963085411167	0.0005424854285779054
0.007318947609364511	0.0005391917372270658
0.007298286676639735	0.0005359256680053867
0.007277648019853207	0.0005326871373362352
0.00725703160299856	0.0005294760619069015
0.007236437390146986	0.0005262923586676635
0.007215865345447029	0.0005231359448308536
0.0071953154331243704	0.0005200067378699299
0.007174787617481634	0.0005169046555185527
0.007154281862898152	0.0005138296157696603
0.007133798133829802	0.000510781536874556
0.007113144841702369	0.0005077321049197953
0.007092351811566927	0.0005046859534764542
0.007071010663665009	0.0005015843075633246
0.00704825218143812	0.0004983025931389547
0.00702551807894581	0.0004950505106899472
0.007002808317034325	0.0004918279707069734
0.006980122856633714	0.0004886348839619418
0.006957461658757596	0.0004854711615070038
0.006934824684502938	0.00048233671467356787
0.006911939139913382	0.0004791940851610493
0.006888744812201536	0.00047603544153933914
0.006865575238307954	0.0004729065870978684
0.0068424303786265225	0.0004698074319274316
0.006819310193635587	0.00046673788640055853
0.006796214643897703	0.0004636978611705214
0.006773143690059434	0.0004606872671703504
0.006750097292851117	0.0004577060156118511
0.006724998042777275	0.0004544878745964785
0.0066994238492148915	0.00045123754782521385
0.006673876833328983	0.0004480195568703633
0.006648294766389975	0.00044482607475858013
0.006621096787157815	0.00044146157703306844
0.006593733422416239	0.0004381073983899729
0.006566403208282118	0.0004347880524741385
0.006539101960988627	0.0004315029261518872
0.0065118296345079455	0.00042825191629058203
0.00648458618290972	0.0004250349200791637
0.006457371560360808	0.000421851835027028
0.006430185721125008	0.0004187025589629047
0.006403292303059962	0.00041561721691619536
0.006376478323435431	0.0004125709748522777
0.006349692658467315	0.00040955784883743975
0.0063229352633303	0.0004065777391361804
0.00629620609329364	0.0004036305463231666
0.006269505103720909	0.0004007161712821528
0.006242832250069753	0.0003978345152049052
0.006216168305649066	0.0003949834371624976
0.006189448498465911	0.0003921560148675116
0.006162756802600149	0.00038936114253537566
0.006136093173712163	0.00038659872220125115
0.006109457567555538	0.0003838686562041663
0.006082854331307569	0.0003811712901465797
0.0060563520548342405	0.0003785134050779995
0.006026955872038988	0.0003755984744005545
0.005994771471326383	0.000372441646817065
0.005962620806882871	0.0003693234912426683
0.005930503825691786	0.00036624389136026027
0.005898420474847501	0.0003632027312125953
0.0058663707015551205	0.0003601998952010388
0.005834354453130198	0.0003572352680843274
0.005802371676998453	0.0003543087349773339
0.0057704223206954805	0.00035142018134983453
0.005738506331866448	0.0003485694930252831
0.005706623658265842	0.00034575655617959144
0.005674438927997499	0.0003429520837592265
0.005642176371414157	0.0003401759009113135
0.005608484378758784	0.00033731349211797875
0.0055745092918232375	0.0003344637926036443
0.00554056957718018	0.00033165388693835
0.005506665179617919	0.00032888365555657254
0.005470713770548037	0.0003259850912156497
0.005434809986452542	0.00032312920940086835
0.0053991288793022885	0.0003203295639329198
0.005363570402920946	0.0003175779552226335
0.0053280488320677655	0.00031486750596939955
0.005292564109317128	0.00031219809255827926
0.005253254409414045	0.00030928415901478463
0.005210442001427142	0.000306155721294776
0.005167116793349299	0.00030303621648316203
0.0051229283014775535	0.00029990198425715515
0.00507812428176992	0.00029677217025768094
0.005032999644131453	0.00029366818029215726
0.004987753392001169	0.00029060419935672056
0.004942553881866891	0.00028759167087679863
0.004897401041335224	0.0002846304404155612
0.0048496495064439486	0.0002815497476760878
0.004801833781304415	0.0002785157797025894
0.0047540673507268805	0.0002755357586672071
0.004706350138521911	0.00027260952268448184
0.004658536180347642	0.0002697280689097454
0.0046111951949430515	0.0002669255855771717
0.004562780642130522	0.00026411063456846035
0.004514225337295216	0.00026133894795662613
0.004465490741776412	0.00025860850139410697
0.004416806207475396	0.00025593228355716847
0.004367368058764726	0.00025326695414436935
0.004317546588620845	0.000250633325944572
0.004267776217420705	0.0002480548080749668
0.004217300791761898	0.0002454931309764537
0.004165222826127715	0.00024290457020719977
0.004112496358711921	0.00024033934643105388
0.004058441848023129	0.00023776600320887353
0.004004293261330286	0.00023524490283309416
0.003951220570127747	0.00023282936245166643
0.0038978981317879784	0.00023045827645537694
0.003842935070824079	0.00022807205270759242
0.003787154164049842	0.0002257081514981731
0.0037300067873053985	0.00022334591230741094
0.0036701073586984795	0.0002209325459751032
0.00360950084544807	0.00021855338855856073
0.003542291076332173	0.000215985156199184
0.003469750154439649	0.0002132888434248773
0.0033960759229622493	0.00021062606938993076
0.00332245041142938	0.00020804144326807379
0.0032487142190454265	0.00020552919106507327
0.00317495364426599	0.00020309239156429668
0.003100871288165491	0.00020072152392378934
0.003023446526050684	0.00019832324283704608
0.0029483133446275233	0.00019607362240878337
0.0028706363242003248	0.00019382834442447538
0.00279439157547877	0.0001917013403585622
0.0027257038696884193	0.00018985667363828187
0.0026580751945149113	0.00018810986189832045
0.0025903792897904827	0.00018643080131779585
0.002519057469030443	0.00018473480140243447
0.002447815464574133	0.0001831136056011951
0.002376734904138549	0.0001815687310704872
0.0023098253477865133	0.00018018295209987055
0.002237841331182188	0.00017876558389381164
0.0021694359955524217	0.00017748771705340888
0.0021025950011166754	0.0001763076656981361
0.0020342378767594254	0.0001751705608891573
0.0019654972055924186	0.0001740967497221834
0.0018969109025403735	0.00017309494595164156
0.0018280877609251453	0.00017215959050706573
0.00175954497391407	0.00017129732651636228
0.0016981982775060114	0.00017058719340931787
0.001637855398238911	0.00016995035151988485
0.0015801708214860447	0.00016939923595709556
0.001524748130128117	0.00016892612537346572
0.0014709701209964555	0.00016852124397537664
0.0014172883754668992	0.0001681711681288789
0.0013636604462235885	0.0001678753943997664
0.0013100862523803198	0.00016763376012333153
0.0012572586046268952	0.00016744826924280551
0.0012077393891567392	0.00016732420327745108
0.0011585339768763936	0.00016725033359685145
