0.009794463543163275	0.002845023271204723
0.009794463543163275	0.002845023271204723
0.009794463543163275	0.002845023271204723
0.009794463543163275	0.002845023271204723
0.009794463543163275	0.002845023271204723
0.009794463543163275	0.002845023271204723
0.009794463543163276	0.002845023271204724
0.009794463543163275	0.002845023271204723
0.009794463543163275	0.002845023271204723
0.009794463543163275	0.002845023271204723
0.009794463543163273	0.0028450232712047222
0.009794463543163275	0.002845023271204723
0.009794463543163275	0.002845023271204723
0.009794463543163275	0.002845023271204723
0.009794463543163275	0.002845023271204723
0.009794463543163275	0.002845023271204723
0.009794463543163275	0.002845023271204723
0.009794463543163275	0.002845023271204723
0.009794463543163275	0.002845023271204723
0.009794463543163275	0.002845023271204723
0.009794463543163276	0.002845023271204724
0.009794463543163275	0.002845023271204723
0.009794463543163275	0.002845023271204723
0.009794463543163276	0.002845023271204724
0.009794463543163275	0.002845023271204723
0.009794463543163273	0.0028450232712047222
0.009794463543163275	0.002845023271204723
0.009794463543163275	0.002845023271204723
0.009794463543163275	0.002845023271204723
0.009794463543163276	0.002845023271204724
0.009794463543163275	0.002845023271204723
0.009794463543163275	0.002845023271204723
0.009794463543163276	0.002845023271204724
0.009794463543163276	0.002845023271204724
0.009794463543163273	0.0028450232712047222
0.009794463543163275	0.002845023271204723
0.009794463543163275	0.002845023271204723
0.009794463543163275	0.002845023271204723
0.009794463543163275	0.002845023271204723
0.009794463543163275	0.002845023271204723
0.009794463543163275	0.002845023271204723
0.009794463543163275	0.002845023271204723
0.009794463543163276	0.002845023271204724
0.009794463543163275	0.002845023271204723
0.009794463543163275	0.002845023271204723
0.009794463543163275	0.002845023271204723
0.009794463543163275	0.002845023271204723
0.009794463543163275	0.002845023271204723
0.009794463543163275	0.002845023271204723
0.009794463543163276	0.002845023271204724
0.009794463543163275	0.002845023271204723
0.009794463543163275	0.002845023271204723
0.009794463543163275	0.002845023271204723
0.009794463543163273	0.0028450232712047222
0.009794463543163276	0.002845023271204724
0.009794463543163275	0.002845023271204723
0.009794463543163275	0.002845023271204723
0.009794463543163273	0.0028450232712047222
0.009794463543163275	0.002845023271204723
0.009794463543163275	0.002845023271204723
0.009794463543163275	0.002845023271204723
0.009794463543163275	0.002845023271204723
0.009794463543163275	0.002845023271204723
0.009794463543163273	0.0028450232712047222
0.009794463543163275	0.002845023271204723
0.009794463543163275	0.002845023271204723
0.009794463543163275	0.002845023271204723
0.009794463543163275	0.002845023271204723
0.009794463543163275	0.002845023271204723
0.009794463543163275	0.002845023271204723
0.009794463543163275	0.002845023271204723
0.009794463543163273	0.0028450232712047222
0.009794463543163275	0.002845023271204723
0.009794463543163276	0.002845023271204724
0.009794463543163275	0.002845023271204723
0.009794463543163275	0.002845023271204723
0.009794463543163275	0.002845023271204723
0.009794463543163275	0.002845023271204723
0.009794463543163275	0.002845023271204723
0.009794463543163275	0.002845023271204723
0.009794463543163276	0.002845023271204724
0.009794463543163275	0.002845023271204723
0.009794463543163275	0.002845023271204723
0.009794463543163276	0.002845023271204724
0.009794463543163275	0.002845023271204723
0.009794463543163276	0.002845023271204724
0.009794463543163275	0.002845023271204723
0.009794463543163275	0.002845023271204723
0.009794463543163275	0.002845023271204723
0.009794463543163275	0.002845023271204723
0.009794463543163273	0.0028450232712047222
0.009794463543163275	0.002845023271204723
0.009794463543163276	0.002845023271204724
0.009794463543163275	0.002845023271204723
0.009794463543163275	0.002845023271204723
0.009794463543163275	0.002845023271204723
0.009794463543163275	0.002845023271204723
0.009794463543163275	0.002845023271204723
0.009794463543163276	0.002845023271204724
0.009794463543163275	0.002845023271204723
0.009794463543163275	0.002845023271204723
0.009794463543163275	0.002845023271204723
0.009794463543163276	0.002845023271204724
0.009794463543163275	0.002845023271204723
0.009794463543163275	0.002845023271204723
0.009794463543163275	0.002845023271204723
0.009794463543163275	0.002845023271204723
0.009794463543163275	0.002845023271204723
0.009794463543163275	0.002845023271204723
0.009794463543163275	0.002845023271204723
0.009794463543163275	0.002845023271204723
0.009794463543163275	0.002845023271204723
0.009794463543163275	0.002845023271204723
0.009794463543163276	0.002845023271204724
0.009794463543163273	0.0028450232712047222
0.009794463543163275	0.002845023271204723
0.009794463543163275	0.002845023271204723
0.009794463543163276	0.002845023271204724
0.009794463543163275	0.002845023271204723
0.009794463543163275	0.002845023271204723
0.009794463543163275	0.002845023271204723
0.009794463543163275	0.002845023271204723
0.009794463543163273	0.0028450232712047222
0.009794463543163276	0.002845023271204724
0.009794463543163275	0.002845023271204723
0.009794463543163275	0.002845023271204723
0.009794463543163275	0.002845023271204723
0.009794463543163276	0.002845023271204724
0.009794463543163276	0.002845023271204724
0.009794463543163275	0.002845023271204723
0.009794463543163273	0.0028450232712047222
0.009794463543163273	0.0028450232712047222
0.009794463543163276	0.002845023271204724
0.009794463543163275	0.002845023271204723
0.009794463543163275	0.002845023271204723
0.009794463543163273	0.0028450232712047222
0.009794463543163273	0.0028450232712047222
0.009794463543163273	0.0028450232712047222
0.009794463543163275	0.002845023271204723
0.009794463543163275	0.002845023271204723
0.009794463543163275	0.002845023271204723
0.009794463543163276	0.002845023271204724
0.009794463543163275	0.002845023271204723
0.009794463543163275	0.002845023271204723
0.009794463543163275	0.002845023271204723
0.009794463543163276	0.002845023271204724
0.009794463543163275	0.002845023271204723
0.009794463543163276	0.002845023271204724
0.009794463543163275	0.002845023271204723
0.009794463543163275	0.002845023271204723
0.009794463543163276	0.002845023271204724
0.009794463543163276	0.002845023271204724
0.009794463543163275	0.002845023271204723
0.009794463543163275	0.002845023271204723
0.009794463543163273	0.0028450232712047222
0.009794463543163275	0.002845023271204723
0.009794463543163275	0.002845023271204723
0.009794463543163275	0.002845023271204723
0.009794463543163273	0.0028450232712047222
0.009794463543163276	0.002845023271204724
0.009794463543163275	0.002845023271204723
0.009794463543163275	0.002845023271204723
0.009794463543163276	0.002845023271204724
0.009794463543163275	0.002845023271204723
0.009794463543163275	0.002845023271204723
0.009794463543163273	0.0028450232712047222
0.009794463543163275	0.002845023271204723
0.009794463543163275	0.002845023271204723
0.009794463543163276	0.002845023271204724
0.009794463543163276	0.002845023271204724
0.009794463543163275	0.002845023271204723
0.009794463543163276	0.002845023271204724
0.009794463543163275	0.002845023271204723
0.009794463543163275	0.002845023271204723
0.009794463543163275	0.002845023271204723
0.009794463543163273	0.0028450232712047222
0.009794463543163275	0.002845023271204723
0.009794463543163275	0.002845023271204723
0.009794463543163275	0.002845023271204723
0.009794463543163275	0.002845023271204723
0.009794463543163275	0.002845023271204723
0.009794463543163273	0.0028450232712047222
0.009794463543163275	0.002845023271204723
0.009794463543163275	0.002845023271204723
0.009794463543163275	0.002845023271204723
0.009794463543163275	0.002845023271204723
0.009794463543163275	0.002845023271204723
0.009794463543163275	0.002845023271204723
0.009794463543163275	0.002845023271204723
0.009794463543163275	0.002845023271204723
0.009794463543163275	0.002845023271204723
0.009794463543163275	0.002845023271204723
0.009794463543163275	0.002845023271204723
0.009794463543163276	0.002845023271204724
0.009794463543163276	0.002845023271204724
0.009794463543163275	0.002845023271204723
0.009794463543163276	0.002845023271204724
0.009794463543163275	0.002845023271204723
0.009794463543163275	0.002845023271204723
0.009794463543163273	0.0028450232712047222
0.009794463543163275	0.002845023271204723
0.009794463543163275	0.002845023271204723
0.009794463543163275	0.002845023271204723
0.009794463543163275	0.002845023271204723
0.009794463543163275	0.002845023271204723
0.009794463543163275	0.002845023271204723
0.009794463543163275	0.002845023271204723
0.009794463543163276	0.002845023271204724
0.009794463543163275	0.002845023271204723
0.009794463543163275	0.002845023271204723
0.009794463543163275	0.002845023271204723
0.009794463543163275	0.002845023271204723
0.009794463543163273	0.0028450232712047222
0.009794463543163275	0.002845023271204723
0.009794463543163275	0.002845023271204723
0.009794463543163275	0.002845023271204723
0.009794463543163276	0.002845023271204724
0.009794463543163275	0.002845023271204723
0.009794463543163275	0.002845023271204723
0.009794463543163275	0.002845023271204723
0.009794463543163275	0.002845023271204723
0.009794463543163276	0.002845023271204724
0.009794463543163273	0.0028450232712047222
0.009794463543163276	0.002845023271204724
0.009794463543163275	0.002845023271204723
0.009794463543163275	0.002845023271204723
0.009794463543163275	0.002845023271204723
0.009794463543163275	0.002845023271204723
0.009794463543163273	0.0028450232712047222
0.009794463543163276	0.002845023271204724
0.009794463543163275	0.002845023271204723
0.009794463543163275	0.002845023271204723
0.009794463543163275	0.002845023271204723
0.009794463543163275	0.002845023271204723
0.009794463543163275	0.002845023271204723
0.009794463543163275	0.002845023271204723
0.009794463543163275	0.002845023271204723
0.009794463543163276	0.002845023271204724
0.009794463543163275	0.002845023271204723
0.009794463543163275	0.002845023271204723
0.009794463543163275	0.002845023271204723
0.009794463543163275	0.002845023271204723
0.009794463543163275	0.002845023271204723
0.009794463543163275	0.002845023271204723
0.009794463543163275	0.002845023271204723
0.009794463543163275	0.002845023271204723
0.009794463543163275	0.002845023271204723
0.009794463543163275	0.002845023271204723
0.009794463543163275	0.002845023271204723
0.009794463543163275	0.002845023271204723
0.009794463543163275	0.002845023271204723
0.009794463543163275	0.002845023271204723
0.009794463543163273	0.0028450232712047222
0.009794463543163273	0.0028450232712047222
0.009794463543163275	0.002845023271204723
0.009794463543163275	0.002845023271204723
0.009794463543163275	0.002845023271204723
0.009794463543163273	0.0028450232712047222
0.009794463543163275	0.002845023271204723
0.009794463543163275	0.002845023271204723
0.009794463543163275	0.002845023271204723
0.009794463543163275	0.002845023271204723
0.009794463543163275	0.002845023271204723
0.009794463543163275	0.002845023271204723
0.009794463543163275	0.002845023271204723
0.009794463543163276	0.002845023271204724
0.009794463543163275	0.002845023271204723
0.009794463543163275	0.002845023271204723
0.009794463543163275	0.002845023271204723
0.009794463543163273	0.0028450232712047222
0.009794463543163275	0.002845023271204723
0.009794463543163275	0.002845023271204723
0.009794463543163275	0.002845023271204723
0.009794463543163275	0.002845023271204723
0.009794463543163275	0.002845023271204723
0.009794463543163275	0.002845023271204723
0.009794463543163275	0.002845023271204723
0.009794463543163275	0.002845023271204723
0.009794463543163275	0.002845023271204723
0.009794463543163275	0.002845023271204723
0.009794463543163275	0.002845023271204723
0.009794463543163275	0.002845023271204723
0.009794463543163275	0.002845023271204723
0.009794463543163273	0.0028450232712047222
0.009794463543163273	0.0028450232712047222
0.009794463543163273	0.0028450232712047222
0.009794463543163275	0.002845023271204723
0.009794463543163275	0.002845023271204723
0.009794463543163275	0.002845023271204723
0.009794463543163275	0.002845023271204723
0.009794463543163276	0.002845023271204724
0.009794463543163275	0.002845023271204723
0.009794463543163276	0.002845023271204724
0.009794463543163275	0.002845023271204723
0.009794463543163275	0.002845023271204723
0.009794463543163275	0.002845023271204723
0.009794463543163275	0.002845023271204723
0.009794463543163275	0.002845023271204723
0.009794463543163276	0.002845023271204724
0.009794463543163273	0.0028450232712047222
0.009794463543163275	0.002845023271204723
0.009794463543163276	0.002845023271204724
0.009794463543163273	0.0028450232712047222
0.009794463543163275	0.002845023271204723
0.009794463543163275	0.002845023271204723
0.009794463543163275	0.002845023271204723
0.009794463543163275	0.002845023271204723
0.009794463543163275	0.002845023271204723
0.009794463543163275	0.002845023271204723
0.009794463543163275	0.002845023271204723
0.009794463543163275	0.002845023271204723
0.009794463543163273	0.0028450232712047222
0.009794463543163275	0.002845023271204723
0.009794463543163275	0.002845023271204723
0.009794463543163275	0.002845023271204723
0.009794463543163275	0.002845023271204723
0.009794463543163275	0.002845023271204723
0.009794463543163275	0.002845023271204723
0.009794463543163276	0.002845023271204724
0.009794463543163275	0.002845023271204723
0.009794463543163276	0.002845023271204724
0.009794463543163276	0.002845023271204724
0.009794463543163273	0.0028450232712047222
0.009794463543163275	0.002845023271204723
0.009794463543163275	0.002845023271204723
0.009794463543163275	0.002845023271204723
0.009794463543163275	0.002845023271204723
0.009794463543163275	0.002845023271204723
0.009794463543163275	0.002845023271204723
0.009794463543163276	0.002845023271204724
0.009794463543163275	0.002845023271204723
0.009794463543163275	0.002845023271204723
0.009794463543163276	0.002845023271204724
0.009794463543163273	0.0028450232712047222
0.009794463543163275	0.002845023271204723
0.009794463543163275	0.002845023271204723
0.009794463543163275	0.002845023271204723
0.009794463543163275	0.002845023271204723
0.009794463543163275	0.002845023271204723
0.009794463543163275	0.002845023271204723
0.009794463543163276	0.002845023271204724
0.009794463543163273	0.0028450232712047222
0.009794463543163275	0.002845023271204723
0.009794463543163275	0.002845023271204723
0.009794463543163275	0.002845023271204723
0.009794463543163273	0.0028450232712047222
0.009794463543163275	0.002845023271204723
0.009794463543163275	0.002845023271204723
0.009794463543163275	0.002845023271204723
0.009794463543163276	0.002845023271204724
0.009794463543163275	0.002845023271204723
0.009794463543163275	0.002845023271204723
0.009794463543163275	0.002845023271204723
0.009794463543163275	0.002845023271204723
0.009794463543163275	0.002845023271204723
0.009794463543163276	0.002845023271204724
0.009794463543163275	0.002845023271204723
0.009794463543163275	0.002845023271204723
0.009794463543163275	0.002845023271204723
0.009794463543163275	0.002845023271204723
0.009794463543163273	0.0028450232712047222
0.009794463543163275	0.002845023271204723
0.009794463543163275	0.002845023271204723
0.009794463543163276	0.002845023271204724
0.009794463543163275	0.002845023271204723
0.009794463543163275	0.002845023271204723
0.009794463543163275	0.002845023271204723
0.009794463543163275	0.002845023271204723
0.009794463543163276	0.002845023271204724
0.009794463543163273	0.0028450232712047222
0.009794463543163275	0.002845023271204723
0.009794463543163275	0.002845023271204723
0.009794463543163275	0.002845023271204723
0.009794463543163273	0.0028450232712047222
0.009794463543163273	0.0028450232712047222
0.009794463543163273	0.0028450232712047222
0.009794463543163275	0.002845023271204723
0.009794463543163275	0.002845023271204723
0.009794463543163275	0.002845023271204723
0.009794463543163273	0.0028450232712047222
0.009794463543163275	0.002845023271204723
0.009794463543163273	0.0028450232712047222
0.009794463543163273	0.0028450232712047222
0.009794463543163275	0.002845023271204723
0.009794463543163275	0.002845023271204723
0.009794463543163275	0.002845023271204723
0.009794463543163275	0.002845023271204723
0.009794463543163275	0.002845023271204723
0.009794463543163275	0.002845023271204723
0.009794463543163273	0.0028450232712047222
0.009794463543163276	0.002845023271204724
0.009794463543163276	0.002845023271204724
0.009794463543163276	0.002845023271204724
0.009794463543163275	0.002845023271204723
0.009794463543163275	0.002845023271204723
0.009794463543163275	0.002845023271204723
0.009794463543163275	0.002845023271204723
0.009794463543163275	0.002845023271204723
0.009794463543163275	0.002845023271204723
0.009794463543163275	0.002845023271204723
0.009794463543163275	0.002845023271204723
0.009794463543163273	0.0028450232712047222
0.009794463543163275	0.002845023271204723
0.009794463543163275	0.002845023271204723
0.009794463543163275	0.002845023271204723
0.009794463543163273	0.0028450232712047222
0.009794463543163273	0.0028450232712047222
0.009794463543163275	0.002845023271204723
0.009794463543163276	0.002845023271204724
0.009794463543163275	0.002845023271204723
0.009794463543163275	0.002845023271204723
0.009794463543163275	0.002845023271204723
0.009794463543163275	0.002845023271204723
0.009794463543163273	0.0028450232712047222
0.009794463543163275	0.002845023271204723
0.009794463543163275	0.002845023271204723
0.009794463543163275	0.002845023271204723
0.009794463543163273	0.0028450232712047222
0.009794463543163275	0.002845023271204723
0.009794463543163275	0.002845023271204723
0.009794463543163275	0.002845023271204723
0.009794463543163276	0.002845023271204724
0.009794463543163275	0.002845023271204723
0.009794463543163273	0.0028450232712047222
0.009794463543163275	0.002845023271204723
0.009794463543163275	0.002845023271204723
0.009794463543163275	0.002845023271204723
0.009794463543163275	0.002845023271204723
0.009794463543163275	0.002845023271204723
0.009794463543163275	0.002845023271204723
0.009794463543163275	0.002845023271204723
0.009794463543163275	0.002845023271204723
0.009794463543163275	0.002845023271204723
0.009794463543163273	0.0028450232712047222
0.009794463543163273	0.0028450232712047222
0.009794463543163273	0.0028450232712047222
0.009794463543163275	0.002845023271204723
0.009794463543163276	0.002845023271204724
0.009794463543163273	0.0028450232712047222
0.009794463543163275	0.002845023271204723
0.009794463543163275	0.002845023271204723
0.009794463543163276	0.002845023271204724
0.009794463543163273	0.0028450232712047222
0.009794463543163276	0.002845023271204724
0.009794463543163275	0.002845023271204723
0.009794463543163275	0.002845023271204723
0.009794463543163275	0.002845023271204723
0.009794463543163276	0.002845023271204724
0.009794463543163275	0.002845023271204723
0.009794463543163276	0.002845023271204724
0.009794463543163275	0.002845023271204723
0.009794463543163275	0.002845023271204723
0.009794463543163276	0.002845023271204724
0.009794463543163275	0.002845023271204723
0.009794463543163275	0.002845023271204723
0.009794463543163275	0.002845023271204723
0.009794463543163273	0.0028450232712047222
0.009794463543163275	0.002845023271204723
0.009794463543163276	0.002845023271204724
0.009794463543163275	0.002845023271204723
0.009794463543163275	0.002845023271204723
0.009794463543163275	0.002845023271204723
0.009794463543163275	0.002845023271204723
0.009794463543163275	0.002845023271204723
0.009794463543163275	0.002845023271204723
0.009794463543163275	0.002845023271204723
0.009794463543163276	0.002845023271204724
0.009794463543163275	0.002845023271204723
0.009794463543163276	0.002845023271204724
0.009794463543163275	0.002845023271204723
0.009794463543163275	0.002845023271204723
0.009794463543163275	0.002845023271204723
0.009794463543163275	0.002845023271204723
0.009794463543163276	0.002845023271204724
0.009794463543163276	0.002845023271204724
0.009794463543163275	0.002845023271204723
0.009794463543163275	0.002845023271204723
0.009794463543163275	0.002845023271204723
0.009794463543163273	0.0028450232712047222
0.009794463543163275	0.002845023271204723
0.009794463543163275	0.002845023271204723
0.009794463543163275	0.002845023271204723
0.009794463543163275	0.002845023271204723
0.009794463543163276	0.002845023271204724
0.009794463543163275	0.002845023271204723
0.009794463543163273	0.0028450232712047222
0.009794463543163275	0.002845023271204723
0.009794463543163275	0.002845023271204723
0.009794463543163273	0.0028450232712047222
0.009794463543163275	0.002845023271204723
0.009794463543163275	0.002845023271204723
0.009794463543163275	0.002845023271204723
0.009794463543163276	0.002845023271204724
0.009794463543163276	0.002845023271204724
0.009794463543163273	0.0028450232712047222
0.009794463543163275	0.002845023271204723
0.009794463543163275	0.002845023271204723
0.009794463543163276	0.002845023271204724
0.009794463543163275	0.002845023271204723
0.009794463543163276	0.002845023271204724
0.009794463543163275	0.002845023271204723
0.009794463543163273	0.0028450232712047222
0.009794463543163276	0.002845023271204724
0.009794463543163275	0.002845023271204723
0.009794463543163275	0.002845023271204723
0.009794463543163275	0.002845023271204723
0.009794463543163275	0.002845023271204723
0.009794463543163275	0.002845023271204723
0.009794463543163276	0.002845023271204724
0.009794463543163275	0.002845023271204723
0.009794463543163273	0.0028450232712047222
0.009794463543163275	0.002845023271204723
0.009794463543163276	0.002845023271204724
0.009794463543163275	0.002845023271204723
0.009794463543163275	0.002845023271204723
0.009794463543163273	0.0028450232712047222
0.009794463543163275	0.002845023271204723
0.009794365757386337	0.002844462237358014
0.009792678745435946	0.0028347965431893664
0.009790998234495009	0.002825193148456594
0.00978932418705768	0.0028156515494867115
0.009787656565906102	0.0028061712475791058
0.0097859953341076	0.00279675174894726
0.00978434045501195	0.002787392564661478
0.009782691892248736	0.0027780932105921515
0.009781049609724613	0.0027688532073539386
0.009779413571620741	0.002759672080250639
0.009777783742390125	0.002750549359220823
0.009776160086755078	0.0027414845787841887
0.009774542569704666	0.002732477277988657
0.00977293115649217	0.002723527000358094
0.009771325812632651	0.0027146332938408927
0.009769726503900428	0.002705795710759072
0.009768133196326668	0.0026970138077581137
0.009766545856196998	0.00268828714575752
0.00976496445004913	0.0026796152899019538
0.009763388944670468	0.0026709978095130434
0.009761819307095828	0.0026624342780418447
0.009760255504605098	0.0026539242730219156
0.009758697504721017	0.0026454673760230108
0.009757145275206876	0.002637063172605359
0.009755598784064332	0.0026287112522746046
0.009754057999531157	0.002620411208437259
0.009752522890079142	0.0026121626383567693
0.009750993424411873	0.0026039651431102265
0.009749469571462655	0.0025958183275454866
0.009747951300392365	0.0025877218002389795
0.009746438580587422	0.002579675173454045
0.00974493138165767	0.002571678063099699
0.009743429673434407	0.0025637300886901275
0.00974193342596832	0.0025558308733044928
0.009740442609527515	0.0025479800435474456
0.009738957194595565	0.002540177229509956
0.009737477151869497	0.0025324220647308226
0.009736002452257976	0.002524714186158607
0.009734533066879294	0.002517053234113995
0.009733068967059513	0.002509438852252684
0.009731610124330664	0.002501870687528806
0.009730156510428786	0.002494348390158731
0.009728708097292225	0.002486871613585335
0.009727264857059704	0.0024794400144427667
0.009725826762068669	0.0024720532525216382
0.009724393784853399	0.0024647109907346377
0.00972296589814333	0.0024574128950825974
0.009721543074861316	0.002450158634620999
0.009720125288121884	0.002442947881426832
0.009718712511229603	0.002435780310565993
0.009717304717677315	0.002428655600060944
0.00971590188114459	0.002421573430858917
0.009714503975495975	0.0024145334868003808
0.00971311097477947	0.0024075354545880228
0.00971172285322484	0.0024005790237560114
0.009710339585242077	0.0023936638866397385
0.009708961145419819	0.002386789738345865
0.009707587508523768	0.002379956276722727
0.009706218649495172	0.0023731632023311993
0.00970485454344933	0.0023664102184158173
0.009703495165674004	0.0023596970308763106
0.009702140491628	0.0023530233482394456
0.009700790496939674	0.0023463888816312906
0.009699445157405446	0.0023397933447496994
0.009698104448988377	0.002333236453837261
0.009696768347816714	0.002326717927654483
0.009695436830182534	0.002320237487453358
0.00969410987254025	0.002313794856951199
0.009692787451505282	0.002307389762304862
0.00969146954385269	0.0023010219320852053
0.009690156126515779	0.002294691097251922
0.009688847176584775	0.0022883969911286447
0.009687542671305489	0.0022821393493783347
0.009686242588077997	0.0022759179099790332
0.009684946904455339	0.002269732413199797
0.009683655598142214	0.0022635826015770283
0.009682368646993724	0.0022574682198910428
0.009681086029014073	0.0022513890151428764
0.009679807722355376	0.0022453447365314923
0.009678533705316336	0.002239335135431074
0.009677263956341074	0.0022333599653687974
0.009675998454017905	0.0022274189820026833
0.009674737177078119	0.0022215119430998337
0.0096734801043948	0.0022156386085148885
0.009672227214981639	0.0022097987401686913
0.009670978487991781	0.0022039921020272964
0.009669733902716646	0.0021982184600811572
0.009668493438584816	0.0021924775823245536
0.009667257075160841	0.002186769238735321
0.00966602479214422	0.0021810932012547696
0.009664796569368176	0.0021754492437678265
0.009663572386798628	0.0021698371420834843
0.009662352224533098	0.002164256673915356
0.009661136062799574	0.0021587076188625937
0.009659923881955523	0.002153189758390923
0.009658715662486786	0.0021477028758139644
0.009657511385006524	0.0021422467562747004
0.009656311030254211	0.002136821186727255
0.009655114579094588	0.0021314259559187918
0.00965392201251665	0.0021260608543716745
0.00965273331163265	0.002120725674365832
0.009651548457677074	0.002115420209921252
0.009650367432005683	0.0021101442567808106
0.00964919021609452	0.002104897612393175
0.009648016791538955	0.002099680075895971
0.009646847140052687	0.0020944914480991233
0.009645681243466871	0.002089331531468354
0.009644519083729082	0.002084200130108932
0.009643360642902452	0.0020790970497495762
0.009642205903164726	0.0020740220977265235
0.009641054846807348	0.0020689750829677965
0.00963990745623454	0.002063955815977656
0.009638763713962441	0.0020589641088212154
0.0096376236026182	0.002053999775109238
0.009636487104939067	0.002049062629983082
0.009635354203771576	0.00204415249009987
0.009634224882070648	0.002039269173617753
0.009633099122898751	0.0020344125001813974
0.009631976909425029	0.0020295822909076177
0.009630858224924495	0.0020247783683711327
0.009629743052777182	0.0020200005565905576
0.009628631376467321	0.002015248681014471
0.00962752317958253	0.002010522568507699
0.009626418445813002	0.002005822047337719
0.009625317158950717	0.002001146947161202
0.009624219302888624	0.001996497099010767
0.00962312486161988	0.001991872335281794
0.00962203381923706	0.00198727248971946
0.009620946159931403	0.001982697397405865
0.009619861867992014	0.0019781468947473275
0.00961878092780514	0.001973620819461826
0.009617703323853418	0.0019691190105665408
0.009616629040715096	0.0019646413083655653
0.009615558063063356	0.0019601875544377695
0.009614490375665544	0.001955757591624713
0.009613425963382447	0.0019513512640188138
0.009612364811167597	0.0019469684169515164
0.009611306904066558	0.0019426088969816855
0.009610252227216202	0.001938272551884105
0.00960920076584406	0.0019339592306380497
0.00960815250526756	0.0019296687834160385
0.009607107430893425	0.0019254010615727033
0.009606065528216932	0.0019211559176337278
0.00960502678282128	0.0019169332052849841
0.0096039911803769	0.0019127327793617217
0.00960295870664081	0.0019085544958379007
0.00960192934745596	0.0019043982118156296
0.009600903088750588	0.0019002637855147293
0.009599879916537556	0.0018961510762623935
0.009598859816913764	0.0018920599444829803
0.009597842776059446	0.0018879902516878578
0.009596828780237624	0.001883941860465479
0.009595817815793455	0.0018799146344713968
0.009594809869153592	0.0018759084384185215
0.009593804926825624	0.0018719231380674244
0.009592802975397437	0.0018679586002167314
0.009591804001536646	0.0018640146926936644
0.009590807991989985	0.0018600912843446246
0.009589814933582724	0.0018561882450259567
0.009588824813218082	0.0018523054455946897
0.009587837617876675	0.001848442757899505
0.009586853334615921	0.0018446000547717263
0.009585871950569487	0.001840777210016388
0.009584893452946717	0.0018369740984034736
0.009583917829032087	0.001833190595659143
0.009582945066184661	0.0018294265784571718
0.00958197515183752	0.001825681924410358
0.009581008073497238	0.0018219565120621104
0.009580043818743354	0.0018182502208780814
0.009579082375227817	0.0018145629312378783
0.009578123730674482	0.0018108945244269014
0.009577167872878573	0.0018072448826282348
0.009576214789706154	0.0018036138889146124
0.009575264469093665	0.0018000014272405128
0.009574316899047346	0.0017964073824342749
0.009573372067642773	0.0017928316401903401
0.009572429963024365	0.0017892740870615721
0.009571490573404859	0.001785734610451619
0.009570553887064834	0.0017822130986074008
0.009569619892352218	0.0017787094406116167
0.00956868857768182	0.0017752235263754105
0.009567759931534841	0.001771755246631034
0.009566833942458372	0.0017683044929246055
0.009565910599064979	0.0017648711576089891
0.009564989890032205	0.0017614551338366665
0.009564071804102079	0.0017580563155527441
0.00956315633008072	0.001754674597488019
0.009562243456837833	0.001751309875152086
0.009561333173306263	0.0017479620448265427
0.009560425468481593	0.0017446310035582574
0.009559520331421625	0.0017413166491527148
0.009558617751246012	0.0017380188801673863
0.009557717717135773	0.0017347375959052248
0.009556820218332884	0.0017314726964081661
0.00955592524413985	0.0017282240824507775
0.009555032783919278	0.0017249916555338613
0.009554142827093416	0.0017217753178782212
0.009553255363143828	0.0017185749724184347
0.009552370381610883	0.0017153905227966966
0.009551487872093388	0.0017122218733567351
0.009550607824248188	0.0017090689291377893
0.009549730227789745	0.0017059315958686337
0.009548855072489738	0.001702809779961664
0.009547982348176678	0.001699703388507065
0.009547112044735505	0.0016966123292669866
0.009546244152107178	0.0016935365106698357
0.009545378660288345	0.0016904758418045834
0.009544515559330877	0.0016874302324151372
0.009543654839341569	0.0016843995928947882
0.00954279649048172	0.0016813838342806871
0.009541940502966731	0.001678382868248383
0.0095410868670658	0.0016753966071064216
0.009540235573101491	0.0016724249637909896
0.009539386611449409	0.001669467851860618
0.009538539972537832	0.0016665251854909202
0.00953769564684733	0.001663596879469423
0.009536853624910408	0.0016606828491903835
0.00953601389731119	0.0016577830106497121
0.009535176454685039	0.0016548972804399263
0.00953434128771819	0.0016520255757451429
0.009533508387147453	0.001649167814336124
0.00953267774375984	0.0016463239145653905
0.00953184934839221	0.0016434937953623554
0.009531023191930992	0.0016406773762285187
0.009530199265311769	0.0016378745772326932
0.00952937755951901	0.0016350853190063093
0.00952855806558572	0.0016323095227387266
0.009527740774593112	0.00162954711017262
0.009526925677670287	0.0016267980035993886
0.009526112765993898	0.001624062125854614
0.009525302030787861	0.001621339400313577
0.009524493463323024	0.001618629750886804
0.00952368705491683	0.0016159331020156428
0.009522882796933056	0.0016132493786679167
0.009522080680781461	0.0016105785063335821
0.009521280697917507	0.0016079204110204485
0.009520482839842033	0.0016052750192499352
0.009519687098100974	0.0016026422580528617
0.009518893464285067	0.0016000220549653023
0.00951810193002951	0.0015974143380244213
0.009517312487013735	0.0015948190357644365
0.009516525126961054	0.0015922360772125323
0.009515739841638433	0.0015896653918848656
0.009514956622856128	0.0015871069097825937
0.009514175462467467	0.0015845605613879388
0.009513396352368543	0.0015820262776602885
0.00951261928449792	0.001579503990032335
0.009511844250836385	0.0015769936304062461
0.009511071243406647	0.0015744951311498898
0.00951030025427307	0.0015720084250930553
0.009509531275541407	0.001569533445523755
0.009508764299358522	0.001567070126184531
0.009507999317912132	0.001564618401268809
0.00950723632343054	0.0015621782054172748
0.00950647530818236	0.0015597494737142866
0.009505716264476279	0.0015573321416843516
0.009504959184660766	0.0015549261452885749
0.00950420406112385	0.0015525314209211875
0.009503450886292831	0.0015501479054061105
0.009502699652634061	0.00154777553599351
0.00950195035265266	0.0015454142503564126
0.00950120297889229	0.00154306398658736
0.009500457523934903	0.0015407246831950672
0.009499713980400483	0.0015383962791011329
0.009498972340946812	0.001536078713636771
0.009498232598269242	0.0015337719265395757
0.009497494745100426	0.001531475857950299
0.009496758774210102	0.0015291904484097019
0.009496024678404848	0.001526915638855373
0.00949529245052785	0.001524651370618632
0.009494562083458676	0.0015223975854214275
0.009493833570113025	0.0015201542253732668
0.009493106903442523	0.0015179212329681834
0.009492382076434477	0.0015156985510817395
0.009491659082111657	0.001513486122968026
0.009490937913532081	0.001511283892256722
0.00949021856378877	0.0015090918029501514
0.009489501026009543	0.0015069097994203974
0.009488785293356814	0.0015047378264064133
0.009488071359027328	0.001502575829011176
0.009487359216251993	0.001500423752698868
0.009486648858295647	0.0014982815432920701
0.009485940278456837	0.0014961491469689878
0.009485233470067623	0.0014940265102607031
0.009484528426493362	0.001491913580048457
0.009483825141132503	0.0014898103035609366
0.009483123607416384	0.0014877166283716024
0.009482423818809007	0.001485632502396037
0.009481725768806865	0.0014835578738893226
0.009481029450938731	0.0014814926914434182
0.009480334858765425	0.0014794369039845905
0.009479641985879686	0.0014773904607708547
0.0094789508259059	0.0014753533113894299
0.009478261372499946	0.001473325405754217
0.009477573619349009	0.0014713066941033342
0.009476887560171345	0.00146929712699661
0.009476203188716132	0.0014672966553131573
0.00947552049876327	0.0014653052302489452
0.009474839484123174	0.0014633228033143833
0.009474160138636615	0.0014613493263319383
0.009473482456174496	0.0014593847514337774
0.009472806430637712	0.0014574290310594134
0.009472132055956938	0.001455482117953391
0.009471459326092462	0.0014535439651629804
0.00947078823503399	0.0014516145260358927
0.009470118776800478	0.001449693754218021
0.00946945094543995	0.0014477816036511867
0.009468784735029323	0.0014458780285709336
0.009468120139674241	0.0014439829835043055
0.00946745715350888	0.0014420964232676767
0.009466795770695795	0.001440218302964568
0.009466135985425738	0.0014383485779835112
0.009465477791917483	0.0014364872039959173
0.009464821184417688	0.001434634136953967
0.009464166157200683	0.0014327893330885102
0.009463512704568333	0.0014309527489069999
0.009462860820849869	0.001429124341191432
0.009462210500401708	0.0014273040669963012
0.009461561737607321	0.0014254918836465935
0.009460914526877029	0.0014236877487357627
0.009460268862647888	0.001421891620123759
0.009459624739383499	0.0014201034559350476
0.009458982151573843	0.0014183232145566567
0.009458341093735168	0.0014165508546362547
0.009457701560409785	0.0014147863350802057
0.009457063546165934	0.0014130296150516833
0.009456427045597628	0.0014112806539687802
0.009455792053324509	0.0014095394115026243
0.009455158563991688	0.001407805847575544
0.009454526572269577	0.001406079922359198
0.009453896072853773	0.0014043615962727866
0.009453267060464891	0.0014026508299812086
0.009452639529848428	0.0014009475843932914
0.009452013475774589	0.0013992518206599972
0.009451388893038176	0.0013975635001726664
0.00945076577645842	0.0013958825845612646
0.009450144120878853	0.00139420903569265
0.00944952392116715	0.0013925428156688503
0.00944890517221501	0.001390883886825361
0.009448287868937987	0.0013892322117294556
0.009447672006275384	0.0013875877531785007
0.00944705757919008	0.0013859504741983006
0.009446444582668424	0.0013843203380414389
0.009445833011720075	0.0013826973081856554
0.009445222861377873	0.001381081348332211
0.009444614126697719	0.001379472422404287
0.009444006802758425	0.0013778704945453964
0.009443400884661585	0.00137627552911778
0.009442796367531436	0.0013746874907008548
0.009442193246514755	0.001373106344089665
0.009441591516780694	0.0013715320542933126
0.009440991173520683	0.0013699645865334563
0.009440392211948256	0.0013684039062427666
0.009439794627298992	0.0013668499790634502
0.009439198414830319	0.0013653027708457259
0.00943860356982144	0.001363762247646371
0.009438010087573178	0.0013622283757272352
0.00943741796340786	0.00136070112155379
0.009436827192669207	0.0013591804517936864
0.009436237770722191	0.0013576663333153176
0.009435649692952935	0.0013561587331864082
0.00943506295476858	0.00135465761867259
0.009434477551597154	0.001353162957236012
0.009433893478887487	0.0013516747165339563
0.009433310732109044	0.0013501928644174567
0.00943272930675188	0.0013487173689299462
0.009432149198326434	0.0013472481983058857
0.009431570402363495	0.001345785320969439
0.009430992914414033	0.0013443287055331318
0.009430416730049098	0.0013428783207965376
0.009429841844859737	0.00134143413574496
0.009429268254456839	0.0013399961195481452
0.009428695954471045	0.001338564241558983
0.009428124940552635	0.0013371384713122304
0.009427555208371415	0.0013357187785232505
0.009426986753616614	0.0013343051330867474
0.00942641957199676	0.0013328975050755192
0.009425853659239586	0.0013314958647392245
0.00942528901109193	0.001330100182503154
0.009424725623319601	0.0013287104289670052
0.0094241634917073	0.0013273265749036843
0.009423602612058504	0.0013259485912581043
0.009423042980195351	0.0013245764491459913
0.009422484591958564	0.0013232101198527104
0.009421927443207315	0.0013218495748320966
0.009421371529819155	0.0013204947857052847
0.009420816847689887	0.0013191457242595706
0.009420263392733464	0.0013178023624472574
0.00941971116088192	0.0013164646723845329
0.009419160148085231	0.0013151326263503352
0.009418610350311257	0.0013138061967852422
0.00941806176354559	0.0013124853562903659
0.009417514383791507	0.0013111700776262483
0.009416968207069856	0.001309860333711784
0.009416423229418942	0.0013085560976231194
0.009415879446894452	0.0013072573425926047
0.009415336855569362	0.0013059640420077145
0.00941479545153382	0.0013046761694099941
0.00941425523089508	0.0013033936984940138
0.009413716189777384	0.0013021166031063345
0.00941317832432189	0.0013008448572444692
0.009412641630686556	0.0012995784350558611
0.009412106105046072	0.0012983173108368788
0.009411571743591774	0.001297061459031797
0.0094110385425315	0.0012958108542318009
0.00941050649808959	0.0012945654711740012
0.0094099756065067	0.0012933252847404401
0.0094094458640398	0.00129209026995713
0.009408917266962009	0.0012908604019930612
0.009408389811562574	0.0012896356561592683
0.009407863494146743	0.0012884160079078618
0.009407338311035688	0.0012872014328310834
0.009406814258566414	0.001285991906660364
0.009406291333091711	0.001284787405265409
0.009405769530979997	0.0012835879046532463
0.009405248848615304	0.001282393380967336
0.009404729282397158	0.0012812038104866414
0.009404210828740506	0.0012800191696247373
0.009403693484075635	0.0012788394349289131
0.009403177244848085	0.0012776645830792708
0.009402662107518561	0.0012764945908878582
0.009402148068562877	0.0012753294352977876
0.009401635124471844	0.0012741690933823593
0.00940112327175122	0.00127301354234421
0.00940061250692161	0.0012718627595144562
0.009400102826518389	0.0012707167223518342
0.009399594227091627	0.0012695754084418684
0.009399086705206035	0.0012684387954960336
0.00939858025744083	0.0012673068613509135
0.009398074880389712	0.0012661795839673923
0.009397570570660773	0.00126505694142983
0.009397067324876414	0.001263938911945249
0.009396565139673262	0.001262825473842532
0.009396064011702118	0.0012617166055716256
0.00939556393762786	0.0012606122857027385
0.009395064914129394	0.0012595124929255658
0.009394566937899546	0.0012584172060484964
0.009394070005645027	0.0012573264039978447
0.009393574114086329	0.0012562400658170823
0.009393079259957663	0.0012551581706660667
0.009392585440006913	0.0012540806978202947
0.009392092650995512	0.0012530076266701385
0.009391600889698423	0.0012519389367201064
0.009391110152904033	0.0012508746075881006
0.009390620437414109	0.0012498146190046803
0.009390131740043703	0.0012487589508123284
0.009389644057621115	0.001247707582964738
0.009389157386987774	0.0012466604955260812
0.00938867172499824	0.0012456176686703015
0.009388187068520069	0.0012445790826804046
0.00938770341443379	0.0012435447179477554
0.009387220759632811	0.0012425145549713756
0.00938673910102337	0.0012414885743572577
0.009386258435524467	0.001240466756817674
0.009385778760067784	0.0012394490831704932
0.009385300071597644	0.0012384355343385055
0.009384822367070906	0.001237426091348747
0.009384345643456958	0.0012364207353318334
0.0093838698977376	0.0012354194475212984
0.009383395126907019	0.0012344222092529366
0.009382921327971683	0.0012334290019641431
0.009382448497950328	0.0012324398071932783
0.009381976633873856	0.001231454606579015
0.009381505732785301	0.0012304733818597033
0.009381035791739736	0.0012294961148727297
0.009380566807804247	0.0012285227875539048
0.009380098778057837	0.001227553381936816
0.009379631699591398	0.0012265878801522255
0.009379165569507637	0.0012256262644274474
0.009378700384921005	0.0012246685170857377
0.009378236142957647	0.001223714620545684
0.00937777284075535	0.0012227645573206092
0.009377310475463465	0.00122181831001797
0.009376849044242887	0.0012208758613387646
0.009376388544265936	0.0012199371940769387
0.009375928972716358	0.0012190022911188136
0.009375470326789238	0.0012180711354424912
0.009375012603690943	0.0012171437101172811
0.00937455580063908	0.0012162199983031343
0.009374099914862419	0.0012152999832500697
0.009373644943600858	0.0012143836482976103
0.009373190884105351	0.001213470976874223
0.00937273773363787	0.0012125619524967703
0.009372285489471315	0.001211656558769939
0.00937183414888951	0.0012107547793857164
0.009371383709187116	0.00120985659812283
0.009370934167669568	0.0012089619988462095
0.009370485521653048	0.0012080709655064579
0.009370037768464425	0.0012071834821393102
0.009369590905441186	0.0012062995328651078
0.009369144929931399	0.0012054191018882777
0.009368699839293653	0.0012045421734968031
0.009368255630897016	0.0012036687320617168
0.00936781230212097	0.0012027987620365766
0.009367369850355354	0.001201932247956959
0.009366928273000348	0.0012010691744399574
0.009366487567466376	0.0012002095261836754
0.009366047731174085	0.0011993532879667219
0.009365608761554291	0.001198500444647727
0.009365170656047927	0.0011976509811648425
0.009364733412105978	0.0011968048825352527
0.009364297027189453	0.0011959621338546928
0.009363861498769332	0.0011951227202969634
0.00936342682432651	0.001194286627113455
0.009362993001351738	0.0011934538396326676
0.009362560027345609	0.0011926243432597468
0.009362127899818471	0.0011917981234760113
0.00936169661629041	0.0011909751658384885
0.00936126617429119	0.001190155455979449
0.00936083657136019	0.0011893389796059511
0.009360407805046387	0.0011885257224993893
0.009359979872908295	0.0011877156705150359
0.00935955277251391	0.0011869088095815905
0.009359126501440678	0.0011861051257007415
0.009358701057275449	0.0011853046049467215
0.009358276437614409	0.0011845072334658595
0.009357852640063079	0.0011837129974761563
0.00935742966223621	0.0011829218832668385
0.009357007501757808	0.0011821338771979422
0.009356586156261018	0.0011813489656998704
0.009356165623388143	0.0011805671352729777
0.009355745900790547	0.0011797883724871492
0.009355326986128655	0.0011790126639813752
0.009354908877071886	0.0011782399964633426
0.009354491571298605	0.0011774703567090149
0.009354075066496093	0.0011767037315622256
0.009353659360360518	0.0011759401079342758
0.009353244450596848	0.0011751794728035196
0.009352830334918844	0.0011744218132149686
0.009352417011049025	0.0011736671162798954
0.009352004476718589	0.001172915369175429
0.009351592729667412	0.0011721665591441727
0.009351181767643981	0.0011714206734938007
0.009350771588405353	0.0011706776995966794
0.009350362189717135	0.0011699376248894802
0.009349953569353416	0.001169200436872793
0.009349545725096753	0.0011684661231107496
0.009349138654738107	0.0011677346712306474
0.009348732356076824	0.0011670060689225677
0.009348326826920588	0.0011662803039390124
0.009347922065085362	0.0011655573640945258
0.009347518068395379	0.0011648372372653332
0.009347114834683094	0.0011641199113889742
0.009346712361789137	0.0011634053744639396
0.009346310647562271	0.0011626936145493084
0.009345909689859377	0.0011619846197644015
0.00934550948654539	0.0011612783782884105
0.009345110035493256	0.0011605748783600582
0.009344711334583956	0.001159874108277247
0.009344313381706378	0.0011591760563967003
0.009343916174757346	0.0011584807111336293
0.009343519711641546	0.0011577880609613834
0.009343123990271523	0.0011570980944111133
0.009342729008567615	0.0011564108000714278
0.009342334764457916	0.0011557261665880582
0.00934194125587828	0.0011550441826635306
0.009341548480772233	0.0011543648370568268
0.009341156437090962	0.001153688118583055
0.009340765122793276	0.0011530140161131268
0.009340374535845596	0.0011523425185734344
0.009339984674221865	0.0011516736149455168
0.009339595535903557	0.0011510072942657484
0.00933920711887963	0.001150343545625016
0.009338819421146487	0.001149682358168405
0.00933843244070795	0.0011490237210948844
0.009338046175575213	0.0011483676236569912
0.009337660623766817	0.001147714055160526
0.009337275783308627	0.0011470630049642393
0.00933689165223377	0.0011464144624795268
0.009336508228582622	0.0011457684171701287
0.00933612551040277	0.0011451248585518208
0.009335743495748986	0.0011444837761921249
0.009335362182683177	0.0011438451597099992
0.009334981569274375	0.0011432089987755503
0.009334601653598673	0.0011425752831097338
0.009334222433739228	0.0011419440024840676
0.00933384390778621	0.0011413151467203377
0.009333466073836755	0.001140688705690306
0.009333088929994977	0.001140064669315436
0.009332712474371882	0.001139443027566595
0.00933233670508539	0.0011388237704637806
0.00933196162026025	0.0011382068880758326
0.009331587218028063	0.0011375923705201638
0.00933121349652721	0.0011369802079624707
0.00933084045390283	0.0011363703906164665
0.009330468088306808	0.0011357629087436062
0.009330096397897723	0.001135157752652815
0.009329725380840832	0.0011345549127002145
0.00932935503530802	0.0011339543792888564
0.0093289853594778	0.0011333561428684613
0.00932861635153526	0.0011327601939351488
0.009328248009672038	0.00113216652303117
0.0093278803320863	0.0011315751207446583
0.00932751331698269	0.0011309859777093576
0.009327146962572344	0.0011303990846043765
0.009326781267072808	0.0011298144321539175
0.009326416228708043	0.0011292320111270361
0.009326051845708377	0.001128651812337377
0.009325688116310515	0.001128073826642937
0.009325325038757444	0.0011274980449457953
0.009324962611298473	0.0011269244581918836
0.009324600832189157	0.0011263530573707302
0.0093242396996913	0.0011257838335152193
0.009323879212072901	0.0011252167777013435
0.009323519367608151	0.001124651881047968
0.009323160164577385	0.001124089134716583
0.009322801601267063	0.0011235285299110707
0.009322443675969747	0.0011229700578774674
0.009322086386984075	0.0011224137099037294
0.009321729732614715	0.0011218594773194917
0.009321373711172361	0.0011213073514958444
0.009321018320973706	0.001120757323845098
0.009320663560341388	0.0011202093858205533
0.009320309427603993	0.0011196635289162705
0.00931995592109602	0.0011191197446668512
0.00931960303915785	0.0011185780246472053
0.00931925078013572	0.001118038360472329
0.00931889914238171	0.0011175007437970856
0.009318548124253697	0.001116965166315981
0.009318197724115344	0.0011164316197629443
0.009317847940336072	0.0011159000959111121
0.00931749877129104	0.0011153705865726148
0.009317150215361097	0.0011148430835983486
0.009316802270932784	0.0011143175788777772
0.009316454936398304	0.0011137940643387106
0.00931610821015547	0.0011132725319470903
0.009315762090607728	0.0011127529737067917
0.00931541657616409	0.0011122353816594036
0.00931507166523913	0.0011117197478840257
0.009314727356252963	0.0011112060644970646
0.009314383647631194	0.0011106943236520238
0.009314040537804935	0.001110184517539306
0.009313698025210745	0.0011096766383860072
0.009313356108290639	0.0011091706784557183
0.009313014785492027	0.0011086666300483211
0.009312674055267716	0.001108164485499798
0.009312333916075884	0.0011076642371820244
0.009311994366380054	0.001107165877502583
0.009311655404649065	0.0011066693989045633
0.009311317029357051	0.0011061747938663673
0.009310979238983441	0.001105682054901524
0.00931064203201289	0.001105191174558491
0.0093103054069353	0.0011047021454204681
0.009309969362245773	0.001104214960105209
0.009309633896444604	0.0011037296112648323
0.009309299008037238	0.0011032460915856362
0.00930896469553427	0.001102764393787915
0.009308630957451412	0.0011022845106257698
0.009308297792309465	0.0011018064348869328
0.009307965198634315	0.0011013301593925807
0.009307633174956899	0.0011008556769971569
0.009307301719813173	0.0011003829805881855
0.009306970831744116	0.0010999120630861058
0.00930664050929569	0.0010994429174440818
0.009306310751018825	0.0010989755366478354
0.009305981555469396	0.0010985099137154645
0.009305652921208198	0.0010980460416972733
0.009305324846800939	0.0010975839136755992
0.009304997330818203	0.0010971235227646395
0.00930467037183544	0.0010966648621102812
0.00930434396843293	0.0010962079248899308
0.009304018119195796	0.0010957527043123482
0.009303692822713937	0.0010952991936174728
0.009303368077582048	0.0010948473860762668
0.009303043882399581	0.0010943972749905388
0.00930272023577072	0.0010939488536927877
0.009302397136304376	0.0010935021155460336
0.009302074582614157	0.0010930570539436578
0.009301752573318353	0.0010926136623092423
0.009301431107039912	0.0010921719340964073
0.009301110182406423	0.0010917318627886499
0.009300789798050092	0.0010912934418991884
0.009300469952607731	0.001090856664970807
0.009300150644720739	0.0010904215255756917
0.009299831873035073	0.0010899880173152827
0.00929951363620122	0.00108955613382011
0.009299195932874219	0.0010891258687496525
0.00929887876171359	0.0010886972157921702
0.009298562121383355	0.0010882701686645657
0.009298246010552003	0.0010878447211122256
0.009297930427892466	0.0010874208669088697
0.009297615372082112	0.0010869985998564074
0.009297300841802714	0.0010865779137847818
0.00929698683574045	0.0010861588025518293
0.009296673352585865	0.0010857412600431301
0.009296360391033872	0.0010853252801718606
0.009296047949783708	0.001084910856878651
0.009295736027538942	0.0010844979841314422
0.009295424623007448	0.00108408665592534
0.009295113734901371	0.0010836768662824724
0.009294803361937153	0.0010832686092518552
0.009294493502835458	0.0010828618789092425
0.009294184156321189	0.0010824566693569885
0.009293875321123475	0.0010820529747239168
0.009293566995975631	0.0010816507891651729
0.009293259179615161	0.0010812501068620912
0.009292951870783727	0.001080850922022058
0.00929264506822714	0.001080453228878378
0.009292338770695336	0.0010800570216901355
0.009292032976942366	0.0010796622947420623
0.009291727685726382	0.0010792690423444074
0.0092914228958096	0.0010788772588328
0.009291118605958309	0.00107848693856812
0.009290814814942837	0.0010780980759363683
0.009290511521537552	0.001077710665348537
0.009290208724520818	0.0010773247012404762
0.009289906422675	0.0010769401780727694
0.009289604614786446	0.0010765570903306053
0.009289303299645467	0.0010761754325236508
0.009289002476046315	0.0010757951991859208
0.009288702142787176	0.0010754163848756605
0.009288402298670156	0.0010750389841752157
0.009288102942501254	0.0010746629916909077
0.009287804073090348	0.001074288402052913
0.009287505689251185	0.0010739152099151375
0.00928720778980138	0.0010735434099551026
0.009286910373562354	0.0010731729968738116
0.009286613439359374	0.0010728039653956412
0.009286316986021503	0.0010724363102682147
0.009286021012381584	0.001072070026262285
0.009285725517276255	0.0010717051081716171
0.009285430499545895	0.0010713415508128708
0.009285135958034622	0.0010709793490254796
0.009284841891590309	0.0010706184976715422
0.00928454829906452	0.0010702589916357003
0.009284255179312525	0.001069900825825027
0.00928396253119328	0.001069543995168911
0.009283670353569399	0.0010691884946189428
0.00928337864530716	0.0010688343191488062
0.009283087405276487	0.00106848146375416
0.009282796632350918	0.0010681299234525318
0.009282506325407593	0.0010677796932832004
0.00928221648332727	0.0010674307683070942
0.00928192710499428	0.0010670831436066762
0.00928163818929651	0.001066736814285834
0.009281349735125413	0.001066391775469775
0.009281061741375982	0.0010660480223049188
0.009280774206946724	0.0010657055499587857
0.009280487130739664	0.0010653643536198936
0.00928020051166032	0.0010650244284976526
0.009279914348617701	0.0010646857698222594
0.009279628640524274	0.0010643483728445917
0.009279343386295966	0.001064012232836102
0.009279058584852149	0.0010636773450887205
0.009278774235115621	0.001063343704914747
0.009278490336012583	0.0010630113076467475
0.009278206886472658	0.0010626801486374616
0.009277923885428842	0.0010623502232596895
0.0092776413318175	0.0010620215269061977
0.009277359224578379	0.0010616940549896228
0.00927707756265455	0.0010613678029423622
0.009276796344992427	0.0010610427662164845
0.009276515570541755	0.001060718940283627
0.009276235238255565	0.001060396320634898
0.00927595534709021	0.0010600749027807838
0.009275675896005298	0.0010597546822510438
0.00927539688396373	0.0010594356545946249
0.009275118309931643	0.0010591178153795565
0.009274840172878433	0.0010588011601928638
0.009274562471776713	0.0010584856846404655
0.009274285205602327	0.001058171384347089
0.009274008373334319	0.0010578582549561684
0.009273731973954919	0.0010575462921297574
0.009273456006449559	0.0010572354915484362
0.009273180469806803	0.001056925848911215
0.009272905363018412	0.0010566173599354518
0.009272630685079258	0.0010563100203567532
0.009272356434987366	0.00105600382592889
0.009272082611743863	0.0010556987724237037
0.009271809214352994	0.0010553948556310192
0.009271536241822094	0.0010550920713585565
0.009271263693161582	0.001054790415431843
0.009270991567384953	0.0010544898836941223
0.009270719863508754	0.001054190472006274
0.009270448580552579	0.0010538921762467176
0.00927017771753906	0.0010535949923113346
0.009269907273493852	0.0010532989161133794
0.009269637247445625	0.0010530039435833946
0.009269367638426042	0.0010527100706691252
0.009269098445469758	0.0010524172933354357
0.009268829667614414	0.0010521256075642278
0.009268561303900604	0.0010518350093543522
0.009268293353371877	0.0010515454947215299
0.009268025815074733	0.00105125705969827
0.0092677586880586	0.0010509697003337863
0.009267491971375826	0.0010506834126939146
0.009267225664081665	0.0010503981928610343
0.00926695976523428	0.0010501140369339878
0.009266694273894701	0.0010498309410279967
0.009266429189126856	0.0010495489012745873
0.00926616450999752	0.001049267913821508
0.00926590023557633	0.0010489879748326514
0.009265636364935777	0.001048709080487978
0.009265372897151155	0.0010484312269834321
0.009265109831300612	0.001048154410530874
0.009264847166465081	0.0010478786273579925
0.009264584901728311	0.0010476038737082382
0.009264323036176834	0.0010473301458407383
0.009264061568899955	0.0010470574400302279
0.009263800498989765	0.0010467857525669711
0.009263539825541088	0.0010465150797566859
0.009263279547651524	0.0010462454179204737
0.009263019664421373	0.0010459767633947364
0.009262760174953692	0.0010457091125311141
0.009262501078354248	0.001045442461696404
0.009262242373731503	0.001045176807272489
0.009261984060196626	0.0010449121456562677
0.009261270637814933	0.0010441831634364943
0.009259683223300973	0.001042563987964065
0.009258098203077379	0.0010409508659846084
0.009256515571731287	0.0010393437756547107
0.009254935323866145	0.0010377426952213101
0.009253357454101623	0.0010361476030212534
0.009251781957073588	0.0010345584774808783
0.009250208827434027	0.0010329752971155784
0.009248638059850982	0.0010313980405293795
0.009247069649008496	0.0010298266864145168
0.009245503589606553	0.0010282612135510162
0.009243939876361018	0.001026701600806273
0.009242378504003574	0.0010251478271346391
0.00924081946728167	0.0010235998715770077
0.00923926276095845	0.001022057713260399
0.009237708379812717	0.0010205213313975582
0.009236156318638836	0.0010189907052865414
0.009234606572246725	0.001017465814310314
0.009233059135461755	0.0010159466379363496
0.009231514003124712	0.0010144331557162248
0.009229971170091746	0.0010129253472852273
0.009228430631234295	0.001011423192361955
0.009226892381439037	0.0010099266707479218
0.009225356415607839	0.0010084357623271708
0.009223822728657696	0.0010069504470658795
0.009222291315520676	0.001005470705011975
0.00922076217114386	0.0010039965162947477
0.009219235290489285	0.001002527861124467
0.009217710668533906	0.0010010647197920015
0.009216188300269518	0.000999607072668441
0.009214668180702715	0.000998154900204714
0.009213150304854829	0.0009967081829312181
0.00921163466776188	0.0009952669014574426
0.009210121264474524	0.0009938310364716043
0.009208610090057984	0.0009924005687402663
0.009207101139592024	0.0009909754791079836
0.009205594408170863	0.000989555748496929
0.009204089890903155	0.0009881413579065337
0.009202587582911901	0.0009867322884131256
0.009201087479334428	0.0009853285211695684
0.009199589575322319	0.000983930037404906
0.009198093866041361	0.0009825368184240072
0.009196600346671503	0.000981148845607207
0.009195109012406798	0.0009797661004099637
0.009193619858455345	0.0009783885643625014
0.009192132880039245	0.0009770162190694631
0.009190648072394555	0.0009756490462095684
0.009189165430771234	0.0009742870275352671
0.009187684950433074	0.0009729301448723924
0.009186206626657678	0.0009715783801198276
0.009184730454736398	0.0009702317152491645
0.009183256429974274	0.0009688901323043596
0.009181784547690003	0.0009675536134014107
0.009180314803215874	0.0009662221407280147
0.009178847191897734	0.000964895696543239
0.00917738170909492	0.0009635742631771906
0.009175918350180225	0.0009622578230306856
0.009174457110539847	0.00096094635857493
0.009172997985573332	0.0009596398523511864
0.009171540970693535	0.0009583382869704549
0.009170086061326573	0.0009570416451131526
0.009168633252911767	0.0009557499095287916
0.009167182540901595	0.0009544630630356613
0.009165733920761664	0.0009531810885205151
0.009164287387970638	0.0009519039689382511
0.009162842938020204	0.0009506316873115997
0.00916140056641502	0.0009493642267308188
0.00915996026867268	0.0009481015703533746
0.009158522040323643	0.0009468437014036387
0.00915708587691122	0.0009455906031725818
0.009155651773991497	0.0009443422590174676
0.009154219727133307	0.0009430986523615483
0.00915278973191818	0.0009418597666937658
0.009151361783940298	0.0009406255855684485
0.00914993587880645	0.0009393960926050155
0.009148512012135974	0.0009381712714876755
0.009147090179560745	0.0009369511059651372
0.009145670376725097	0.0009357355798503101
0.009144252599285791	0.0009345246770200148
0.009142836842911974	0.0009333183814146911
0.009141423103285123	0.0009321166770381085
0.009140011376099027	0.0009309195479570811
0.009138601657059708	0.000929726978301174
0.009137193941885405	0.0009285389522624287
0.009135788226306518	0.0009273554540950692
0.009134384506065575	0.000926176468115231
0.009132982776917174	0.0009250019787006696
0.009131583034627945	0.0009238319702904881
0.00913018527497652	0.0009226664273848583
0.009128789493753477	0.0009215053345447439
0.009127395686761304	0.0009203486763916286
0.009126003849814344	0.0009191964376072349
0.00912461397873878	0.0009180486029332632
0.00912322606937257	0.0009169051571711133
0.009121840117565408	0.0009157660851816178
0.00912045611917869	0.0009146313718847734
0.009119074070085477	0.0009135010022594775
0.009117693966170442	0.0009123749613432599
0.009116315803329826	0.0009112532342320213
0.00911493957747142	0.0009101358060797681
0.0091135652845145	0.0009090226620983566
0.009112192920389799	0.0009079137875572275
0.009110822481039466	0.0009068091677831532
0.009109453962417028	0.0009057087881599755
0.009108087360487335	0.0009046126341283556
0.009106722671226544	0.0009035206911855132
0.00910535989062206	0.0009024329448849818
0.009103999014672511	0.0009013493808363486
0.009102640039387697	0.00090026998470501
0.009101282960788553	0.0008991947422119187
0.009099927774907124	0.0008981236391333389
0.009098574477786503	0.0008970566613005972
0.009097223065480813	0.0008959937945998389
0.00909587353405516	0.000894935024971783
0.009094525879585591	0.0008938803384114784
0.009093180098159067	0.0008928297209680665
0.009091836185873413	0.0008917831587445336
0.009090494138837288	0.00089074063789748
0.009089153953170146	0.0008897021446368738
0.009087815625002195	0.0008886676652258216
0.009086479150474364	0.0008876371859803262
0.009085144525738269	0.0008866106932690595
0.009083811746956166	0.000885588173513122
0.009082480810300922	0.0008845696131858153
0.009081151711955972	0.0008835549988124095
0.009079824448115295	0.000882544316969915
0.009078499014983367	0.0008815375542868534
0.00907717540877512	0.0008805346974430277
0.009075853625715918	0.0008795357331692999
0.009074533662041523	0.0008785406482473636
0.00907321551399804	0.0008775494295095207
0.009071899177841902	0.0008765620638384576
0.009070584649839824	0.0008755785381670265
0.00906927192626877	0.0008745988394780208
0.009067961003415923	0.0008736229548039581
0.009066651877578637	0.000872650871226861
0.009065344545064417	0.0008716825758780405
0.009064039002190874	0.0008707180559378793
0.009062735245285693	0.0008697572986356159
0.009061433270686602	0.000868800291249132
0.009060133074741338	0.0008678470211047392
0.009058834653807598	0.0008668974755769651
0.009057538004253034	0.0008659516420883463
0.009056243122455192	0.0008650095081092156
0.009054950004801488	0.0008640710611574932
0.009053658647689176	0.0008631362887984805
0.009052369047525318	0.0008622051786446533
0.00905108120072674	0.000861277718355455
0.009049795103720006	0.000860353895637092
0.009048510752941389	0.0008594336982423318
0.009047228144836826	0.0008585171139702987
0.009045947275861898	0.0008576041306662734
0.009044668142481786	0.0008566947362214903
0.009043390741171248	0.0008557889185729406
0.009042115068414583	0.0008548866657031723
0.009040841120705587	0.0008539879656400916
0.009039568894547557	0.0008530928064567702
0.009038298386453206	0.0008522011762712438
0.009037029592944681	0.000851313063246322
0.009035762510553495	0.0008504284555893919
0.009034497135820519	0.0008495473415522274
0.009033233465295937	0.0008486697094307961
0.009031971495539222	0.0008477955475650685
0.0090307112231191	0.0008469248443388278
0.009029452644613519	0.0008460575881794807
0.009028195756609625	0.0008451937675578718
0.009026940555703727	0.0008443333709880936
0.009025687038501254	0.0008434763870272995
0.009024435201616745	0.0008426228042755224
0.009023185041673812	0.0008417726113754869
0.009021936555305098	0.0008409257970124274
0.009020689739152264	0.0008400823499139039
0.009019444589865942	0.0008392422588496226
0.009018201104105724	0.0008384055126312528
0.00901695927854011	0.000837572100112249
0.0090157191098465	0.0008367420101876692
0.009014480594711145	0.0008359152317939999
0.009013243729829137	0.0008350917539089763
0.009012008511904363	0.0008342715655514067
0.009010774937649482	0.0008334546557809976
0.009009543003785895	0.0008326410136981768
0.009008312707043723	0.0008318306284439228
0.009007084044161765	0.0008310234891995881
0.009005857011887481	0.0008302195851867309
0.009004631606976957	0.0008294189056669395
0.009003407826194876	0.0008286214399416652
0.009002185666314493	0.0008278271773520511
0.009000965124117605	0.000827036107278763
0.008999746196394522	0.0008262482191418231
0.008998528879944042	0.000825463502400439
0.008997313171573415	0.0008246819465528418
0.00899609906809833	0.0008239035411361183
0.008994886566342867	0.0008231282757260449
0.008993675663139487	0.0008223561399369251
0.008992466355328996	0.0008215871234214273
0.008991258639760524	0.0008208212158704205
0.008990052513291482	0.0008200584070128124
0.008988847972787555	0.0008192986866153902
0.008987645015122657	0.0008185420444826592
0.008986443637178924	0.0008177884704566847
0.008985243835846667	0.0008170379544169316
0.008984045608024353	0.0008162904862801081
0.00898284895061858	0.0008155460560000071
0.008981653860544054	0.0008148046535673529
0.00898046033472355	0.0008140662690096425
0.008979268370087903	0.0008133308923909922
0.00897807796357596	0.0008125985138119824
0.008976889112134576	0.0008118691234095068
0.008975701812718572	0.0008111427113566171
0.008974516062290718	0.0008104192678623725
0.0089733318578217	0.0008096987831716891
0.0089721491962901	0.0008089812475651868
0.008970968074682369	0.0008082666513590442
0.008969788489992803	0.0008075549849048449
0.008968610439223507	0.0008068462385894322
0.008967433919384387	0.0008061404028347596
0.008966258927493106	0.0008054374680977462
0.008965085460575084	0.0008047374248701298
0.008963913515663438	0.0008040402636783188
0.008962743089798986	0.0008033459750832514
0.008961574180030216	0.0008026545496802494
0.008960406783413248	0.0008019659780988753
0.008959240897011828	0.0008012802510027885
0.008958076517897288	0.000800597359089605
0.008956913643148524	0.0007999172930907548
0.008955752269851992	0.0007992400437713427
0.008954592395101648	0.0007985656019300062
0.008953434015998948	0.0007978939583987768
0.008952277129652826	0.0007972251040429435
0.008951121733179655	0.0007965590297609104
0.00894996782370323	0.0007958957264840646
0.00894881539835475	0.0007952351851766343
0.008947664454272787	0.0007945773968355564
0.008946514988603257	0.0007939223524903395
0.008945366998499417	0.0007932700432029293
0.008944220481121812	0.0007926204600675743
0.008943075433638283	0.0007919735942106927
0.008941931853223919	0.0007913294367907387
0.008940789737061045	0.0007906879789980714
0.0089396490823392	0.0007900492120548223
0.008938509886255106	0.0007894131272147633
0.008937372146012656	0.0007887797157631788
0.008936235858822875	0.0007881489690167331
0.008935101021903917	0.0007875208783233437
0.00893396763248103	0.0007868954350620505
0.008932835687786533	0.000786272630642889
0.008931705185059799	0.0007856524565067635
0.008930576121547233	0.0007850349041253178
0.00892944849450224	0.0007844199650008121
0.008928322301185211	0.0007838076306659948
0.008927197538863504	0.0007831978926839795
0.008926074204811412	0.0007825907426481192
0.008924952296310146	0.0007819861721818826
0.008923831810647815	0.00078138417293873
0.008922712745119405	0.0007807847366019948
0.00892159509702675	0.0007801878548847542
0.008920478863678517	0.0007795935195297147
0.008919364042390177	0.0007790017223090849
0.008918250630484	0.0007784124550244612
0.008917138625289011	0.0007778257095067027
0.008916028024140986	0.0007772414776158142
0.008914918824382423	0.0007766597512408273
0.008913811023362517	0.0007760805222996821
0.008912704618437158	0.0007755037827391094
0.008911599606968884	0.0007749295245345132
0.008910495986326875	0.000774357739689855
0.008909393753886932	0.000773788420237536
0.00890829290703145	0.0007732215582382843
0.008907193443149405	0.0007726571457810376
0.008906095359636329	0.000772095174982829
0.008904998653894285	0.0007715356379886743
0.008903903323331852	0.0007709785269714576
0.008902809365364113	0.0007704238341318186
0.00890171677741261	0.00076987155169804
0.008900625556905352	0.0007693216719259367
0.00889953570127678	0.0007687741870987432
0.008898447207967742	0.0007682290895270034
0.008897360074425487	0.0007676863715484602
0.008896274298103635	0.0007671460255279453
0.008895189876462158	0.0007666080438572711
0.008894106806967365	0.0007660724189551201
0.008893025087091883	0.0007655391432669384
0.008891944714314627	0.000765008209264827
0.008890865686120786	0.0007644796094474334
0.008889788000001817	0.0007639533363398478
0.008888711653455398	0.0007634293824934934
0.008887636643985439	0.0007629077404860236
0.008886562969102032	0.0007623884029212126
0.008885490626321456	0.0007618713624288557
0.008884419613166154	0.0007613566116646613
0.008883349927164698	0.0007608441433101468
0.008882281565851788	0.0007603339500725384
0.008881214526768226	0.0007598260246846638
0.008880148807460898	0.0007593203599048535
0.008879084405482749	0.0007588169485168365
0.008878021318392777	0.000758315783329639
0.008876959543756002	0.0007578168571774845
0.008875899079143455	0.0007573201629196919
0.008874839922132154	0.0007568256934405751
0.008873782070305097	0.0007563334416493447
0.008872725521251224	0.0007558434004800074
0.00887167027256542	0.0007553555628912682
0.008870616321848475	0.0007548699218664301
0.008869563666707093	0.0007543864704132994
0.008868512304753842	0.0007539052015640838
0.008867462233607164	0.0007534261083753002
0.008866413450891345	0.0007529491839276748
0.008865365954236485	0.0007524744213260469
0.008864319741278506	0.0007520018136992749
0.008863274809659117	0.0007515313542001402
0.0088622311570258	0.0007510630360052523
0.008861188781031787	0.0007505968523149537
0.008860147679336058	0.0007501327963532266
0.008859107849603302	0.0007496708613675987
0.00885806928950392	0.0007492110406290516
0.008857031996713996	0.0007487533274319258
0.008855995968915278	0.0007482977150938298
0.00885496120379517	0.0007478441969555475
0.008853927699046707	0.0007473927663809469
0.008852895452368536	0.0007469434167568891
0.008851864461464918	0.0007464961414931377
0.008850834724045676	0.0007460509340222676
0.008849806237826219	0.0007456077877995766
0.008848779000527489	0.0007451666963029943
0.008847753009875964	0.0007447276530329944
0.008846728263603644	0.0007442906515125052
0.008845704759448014	0.0007438556852868204
0.008844682495152054	0.0007434227479235144
0.008843661468464199	0.0007429918330123508
0.008842641677138337	0.000742562934165198
0.008841623118933791	0.0007421360450159417
0.008840605791615292	0.0007417111592203979
0.008839589692952973	0.0007412882704562273
0.008838574820722353	0.0007408673724228507
0.008837561172704317	0.0007404484588413627
0.008836548746685095	0.0007400315234544471
0.008835537540456259	0.0007396165600262921
0.008834527551814695	0.0007392035623425078
0.008833518778562591	0.0007387925242100396
0.00883251121850742	0.0007383834394570882
0.008831504869461933	0.0007379763019330248
0.008830499729244129	0.0007375711055083086
0.008829495795677244	0.0007371678440744043
0.008828493066589747	0.0007367665115437011
0.008827491539815303	0.0007363671018494314
0.008826491213192773	0.0007359696089455877
0.008825492084566202	0.0007355740268068453
0.008824494151784783	0.000735180349428477
0.008823497412702865	0.0007347885708262786
0.008822501865179919	0.0007343986850364848
0.00882150750708054	0.0007340106861156918
0.008820514336274413	0.0007336245681407777
0.0088186860016944	0.0007329168059588459
0.008814537115426027	0.00073131565421905
0.008810393174194922	0.0007297223048499436
0.008806254169165403	0.0007281367333854882
0.008802120091522824	0.0007265589154429431
0.008797990932473514	0.0007249888267225409
0.008793866683244712	0.0007234264430071695
0.008789747335084514	0.0007218717401620512
0.008785632879261799	0.0007203246941344238
0.008781523307066174	0.0007187852809532263
0.008777418609807908	0.0007172534767287807
0.008773318778817882	0.0007157292576524829
0.008769223805447512	0.000714212599996484
0.0087651336810687	0.0007127034801133848
0.008761048397073765	0.0007112018744359224
0.008756967944875396	0.0007097077594766642
0.008752892315906579	0.0007082211118276996
0.00874882150162053	0.0007067419081603338
0.008744755493490667	0.0007052701252247852
0.008740694283010516	0.0007038057398498819
0.008736637861693665	0.0007023487289427575
0.00873258622107371	0.0007008990694885545
0.008728539352704193	0.0006994567385501229
0.008724497248158535	0.0006980217132677232
0.008720459899029991	0.0006965939708587295
0.008716427296931579	0.000695173488617334
0.008712399433496032	0.0006937602439142542
0.008708376300375737	0.0006923542141964397
0.00870435788924267	0.0006909553769867804
0.008700344191788351	0.0006895637098838167
0.008696335199723786	0.0006881791905614516
0.008692330904779385	0.0006868017967686603
0.00868833129870494	0.0006854315063292075
0.008684336373269557	0.0006840682971413606
0.00868034612026158	0.0006827121471776039
0.008676360531488566	0.0006813630344843597
0.0086723795987772	0.0006800209371817044
0.008668403313973262	0.0006786858334630883
0.008664431668941559	0.0006773577015950587
0.008660464655565869	0.0006760365199169778
0.008656502265748888	0.0006747222668407511
0.008652544491412187	0.0006734149208505498
0.008648591324496134	0.0006721144605025348
0.008644642756959855	0.0006708208644245865
0.008640698780781175	0.0006695341113160315
0.008636759387956569	0.0006682541799473723
0.008632824570501097	0.0006669810491600174
0.008628894320448357	0.0006657146978660129
0.008624968629850436	0.000664455105047776
0.008621047490777847	0.0006632022497578281
0.008617130895319477	0.00066195611111853
0.008613218835582541	0.0006607166683218178
0.00860931130369252	0.0006594839006289422
0.008605408291793123	0.000658257787370204
0.00860150979204621	0.0006570383079446951
0.00859761579663176	0.0006558254418200403
0.00859372629774781	0.0006546191685321359
0.008589841287610409	0.0006534194676848965
0.008585960758453559	0.0006522263189499962
0.008582084702529167	0.0006510397020666142
0.008578213112106988	0.000649859596841182
0.008574345979474592	0.00064868598314713
0.008570483296937282	0.0006475188409246348
0.008566625056818074	0.0006463581501803706
0.00856277125145762	0.0006452038909872578
0.008558921873214186	0.0006440560434842168
0.008555076914463562	0.0006429145878759165
0.008551236367599059	0.0006417795044325334
0.008547400225031417	0.0006406507734895015
0.00854356847918878	0.0006395283754472703
0.008539741122516641	0.0006384122907710623
0.008535918147477783	0.0006373024999906281
0.008532099546552242	0.0006361989837000073
0.00852828531223725	0.0006351017225572889
0.00852447543704719	0.0006340106972843691
0.008520669913513544	0.0006329258886667165
0.008516868734184845	0.0006318472775531335
0.008513071891626627	0.0006307748448555195
0.008509279378421386	0.0006297085715486373
0.008505491187168516	0.0006286484386698774
0.008501707310484267	0.0006275944273190264
0.008497927741001712	0.0006265465186580337
0.008494152471370671	0.00062550469391078
0.008490381494257687	0.0006244689343628492
0.008486614802345967	0.0006234392213612962
0.00848285238833534	0.0006224155363144211
0.008479094244942205	0.0006213978606915405
0.008475340364899489	0.0006203861760227613
0.008471590740956594	0.0006193804638987561
0.008467845365879356	0.0006183807059705373
0.008464104232449999	0.0006173868839492352
0.008460367333467078	0.0006163989796058738
0.008456634661745451	0.0006154169747711507
0.00845290621011622	0.0006144408513352156
0.00844918197142668	0.0006134705912474502
0.008445461938540288	0.0006125061765162488
0.008441746104336617	0.0006115475892088032
0.00843803446171129	0.0006105948114508818
0.00843419306999384	0.0006096136949480763
0.008428359919861256	0.0006081311632139167
0.008422533338591436	0.0006066576983654508
0.00841671331509457	0.0006051932726141184
0.008410899838305796	0.0006037378582619382
0.008405092897185143	0.0006022914277011781
0.008399292480717429	0.0006008539534140189
0.008393498577912233	0.000599425407972228
0.008387711177803781	0.0005980057640368255
0.008381930269450926	0.0005965949943577621
0.00837615584193703	0.0005951930717735858
0.008370387884369924	0.0005937999692111218
0.008364626385881847	0.0005924156596851479
0.008358871335629344	0.0005910401162980689
0.008353122722793229	0.0005896733122395991
0.008347380536578509	0.0005883152207864416
0.00834164476621431	0.0005869658153019682
0.008335915400953808	0.0005856250692359041
0.008330192430074178	0.0005842929561240108
0.008324475842876515	0.0005829694495877728
0.008318765628685757	0.0005816545233340826
0.008313061776850643	0.0005803481511549302
0.008307364276743633	0.0005790503069270929
0.008301673117760837	0.0005777609646118239
0.008295988289321958	0.0005764800982545459
0.008290309780870227	0.0005752076819845433
0.008284637581872334	0.0005739436900146581
0.008278971681818358	0.0005726880966409832
0.008273312070221707	0.0005714408762425614
0.008267658736619067	0.0005702020032810835
0.008262011670570307	0.0005689714523005862
0.008256370861658447	0.0005677491979271549
0.008250736299489563	0.0005665352148686227
0.008245107973692755	0.0005653294779142772
0.008239485873920059	0.0005641319619345622
0.008233869989846394	0.000562942641880784
0.008228260311169494	0.0005617614927848183
0.00822265682760985	0.0005605884897588177
0.008217059528910654	0.0005594236079949224
0.008211468404837706	0.0005582668227649685
0.008205883445179394	0.0005571181094202009
0.008200304639746601	0.000555977443390985
0.008194731978372654	0.0005548448001865226
0.008189165450913262	0.0005537201553945642
0.008183605047246453	0.0005526034846811281
0.008178050757272522	0.0005514947637902159
0.008172502570913941	0.0005503939685435306
0.008166960478115338	0.0005493010748401986
0.008161424468843409	0.0005482160586564891
0.00815589453308686	0.000547138896045535
0.008150370660856361	0.0005460695631370588
0.008144852842184474	0.0005450080361370953
0.008139341067125588	0.0005439542913277153
0.008133835325755876	0.0005429083050667554
0.008128335608173217	0.0005418700537875433
0.00811606107460509	0.000539567905530412
0.008103104513434952	0.0005371529335544429
0.008090162104707383	0.0005347560581536163
0.008077233825246981	0.000532377224393151
0.008064319651928928	0.0005300163775133256
0.00805141956167883	0.000527673462928853
0.008038533531472606	0.0005253484262282539
0.00802566153833632	0.0005230412131732342
0.008012803559346075	0.000520751769698066
0.00799995957162785	0.0005184800419089685
0.007987129552357393	0.0005162259760834954
0.007974313478760053	0.0005139895186699196
0.007961511328110675	0.000511770616286625
0.007948723077733444	0.0005095692157214977
0.007935948705001767	0.0005073852639313227
0.007923188187338129	0.0005052187080411788
0.007910441502213966	0.0005030694953438405
0.007895944341020155	0.0005006428950180652
0.007877373386909865	0.000497555276085712
0.007858822531234756	0.0004944927502855192
0.007840291741385147	0.0004914552416311359
0.007821780984821865	0.0004884426743767292
0.007803290229076045	0.0004854549730161296
0.007784819441748959	0.0004824920622819801
0.007766368590511808	0.0004795538671448857
0.007747937643105551	0.00047664031281256965
0.007729526567340703	0.00047375132472903046
0.007711135331097152	0.00047088682857370466
0.007692763902323976	0.0004680467502606304
0.0076744122490392565	0.0004652310159376171
0.00765608033932988	0.0004624395519854153
0.007637619490207278	0.0004596499030720359
0.0076163941129885546	0.00045646694882535866
0.0075951915342416035	0.0004533119015883677
0.007574011717253908	0.00045018467700998443
0.007552854625391736	0.00044708519100467145
0.007531720222099926	0.00044401335975149454
0.0075106084709016755	0.00044096909969318745
0.007489519335398336	0.0004379523275352212
0.007468452779269196	0.00043496296024487624
0.00744740876627128	0.00043200091505032033
0.007426387260239137	0.00042906610943968705
0.0074053882250846356	0.00042615846116016083
0.007384411624796751	0.00042327788821706365
0.007363457423441369	0.00042042430887294645
0.007342525585161074	0.00041759764164668416
0.00732157435732682	0.0004147922414527899
0.007300073819953784	0.0004119377280332545
0.007277802173758516	0.0004090064607732216
0.007253827304615664	0.00040587791230910794
0.007229877954226558	0.0004027798559175953
0.007205954081869779	0.00039971219962046587
0.0071820556469105075	0.0003966748517271702
0.007158182608800292	0.0003936677208338181
0.007134334927076811	0.0003906907158221731
0.007110512561363651	0.0003877437458586534
0.007086715471370079	0.0003848267203933331
0.007062943616890818	0.0003819395491589508
0.007039196957805813	0.00037908214216992014
0.007015475454080008	0.0003762544097213441
0.006990790445047766	0.000373339766648462
0.0069653561573799535	0.00037036491367221263
0.006939948770069272	0.0003674216579567857
0.006914042141653552	0.0003644498107749938
0.006883784422580933	0.0003610123375655753
0.006853558654637219	0.000357612233524176
0.0068233647872401465	0.0003542493861061896
0.006793202769914169	0.00035092368311701326
0.00676307255229017	0.00034763501271082816
0.006732974084105186	0.0003443832633893848
0.00670290731520212	0.00034116832400079384
0.00667287219552948	0.0003379900837383216
0.006642868675141083	0.00033484843213919
0.006612896704195787	0.0003317432590833806
0.006582956232957211	0.00032867445479244463
0.006552893246258597	0.0003256263501866051
0.006522627818924847	0.0003225910627279776
0.00649239414964706	0.0003195922845489121
0.0064621921884650034	0.0003166299058180987
0.00643202188552318	0.0003137038170442703
0.006401883191070557	0.00031081390907502463
0.006371776055460292	0.00030796007309565114
0.006341700429149461	0.0003051422006279621
0.0063116562626987895	0.00030236018352912815
0.006281643506772374	0.00029961391399051875
0.006251535529324497	0.00029689187096877104
0.006221357223948623	0.00029419638992788614
0.006191210419935355	0.0002915366049659639
0.006159839287495434	0.0002888033947939644
0.006126065244202707	0.00028589732064910673
0.006091531472009728	0.0002829632501513203
0.006057033672496116	0.000280069707517977
0.006022571789483821	0.00027721657096891196
0.005988145766911704	0.00027440371909906436
0.00595373502363853	0.00027162938400316695
0.00591930827091058	0.00026889098916444413
0.00588491728623741	0.000266192601026626
0.00585056201390554	0.00026353409941989707
0.00581624239831714	0.00026091536454391596
0.005781958383989726	0.00025833627696654455
0.005747709915555857	0.0002557967176225849
0.0057130161773086465	0.00025326149467295805
0.005674804477280064	0.000250511041432688
0.005633521928295361	0.0002475828921825882
0.005592282092760208	0.0002447019665215158
0.005551084904417952	0.0002418681226790181
0.005509930297148918	0.00023908121931927442
0.0054688182049700395	0.00023634111553960695
0.005427748562034505	0.00023364767086899856
0.005386721302631412	0.00023100074526661714
0.005345736361185412	0.00022840019912034388
0.005304793672256368	0.00022584589324530863
0.0052638931705389965	0.00022333768888243045
0.005223412855635178	0.00022089816406165272
0.005183163128998121	0.00021851529187105504
0.005142954811544847	0.00021617747323598562
0.0051027878394051505	0.00021388457298879474
0.005062131657116201	0.00021160695506741614
0.005019564462736007	0.00020926701104814418
0.0049770409718408026	0.00020697433954325532
0.00493456111715996	0.0002047287987575725
0.0048921248315608405	0.00020253024732830985
0.004849732048048447	0.00020037854432360198
0.00480738269976506	0.0001982735492410388
0.004765076719989901	0.00019621512200620664
0.004722814042138769	0.00019420312297123383
0.004680594599763699	0.00019223741291334284
0.004638418326552613	0.0001903178530334075
0.004596285156328969	0.00018844430495451573
0.0045541950230514145	0.00018661663072053747
0.0045108084838482755	0.00018477801252661118
0.004467288544265592	0.00018297901970161146
0.00441779241448209	0.00018098495731509246
0.004367254560928665	0.00017900111770936084
0.004313541016618274	0.00017694836368654931
0.004259882170418182	0.00017495340076793193
0.0042062779388198175	0.00017301605572681968
0.004150498859875603	0.00017105812581544053
0.004094210571666077	0.00016914033793562764
0.00403797948700148	0.0001672826327111075
0.003981805518725572	0.00016548483007055274
0.00392568857985908	0.0001637467504879245
0.0038696285835992513	0.00016206821498063434
0.0038136254433194026	0.00016044904510771225
0.0037576790725684763	0.00015888906296798153
0.0037017893850705874	0.0001573880911982407
0.0036459562947245973	0.00015594595297145327
0.003590179715603652	0.0001545624719949423
0.0035344595619547577	0.00015323747250859445
0.0034786748165728573	0.00015196808364613604
0.0034217210011995565	0.00015073026276635144
0.0033648247149326935	0.00014955180241921077
0.003307985870650955	0.0001484325247530117
0.0032519211882096107	0.0001473854422822262
0.003196733800278614	0.0001464111307467428
0.0031398957942082163	0.00014546577601604114
0.0030770504101421373	0.00014448459085279693
0.003013183046386256	0.00014355174282971062
0.0029493799678480433	0.00014268453956323607
0.002889126017826036	0.0001419264870943455
0.0028292175615780555	0.00014123354787153156
0.0027693693148338437	0.00014060181713413446
0.002709581186870891	0.00014003111152179726
0.002649853087148865	0.0001395212482252623
0.0025853068764310123	0.00013903710828014248
0.0025115497561505606	0.00013855611448862737
0.0024378665778453283	0.00013814973018985412
0.0023703977385957646	0.00013784373043619885
0.00231049951442199	0.00013763371160507666
0.0022454539449012966	0.00013747231326461827
0.0021736059059844094	0.00013736443839301453
